0.0 0.484356
0.1 0.545112
0.2 0.626943
0.3 0.708773
0.4 0.790603
0.5 0.870286
0.6 0.947113
0.7 1.01728
0.8 1.07727
0.9 1.13286
1.0 1.18666
1.1 1.23977
1.2 1.29095
1.3 1.34074
1.4 1.38843
1.5 1.43575
1.6 1.48326
1.7 1.52676
1.8 1.56946
1.9 1.61254
2.0 1.65651
2.1 1.6991
2.2 1.74079
2.3 1.78442
2.4 1.83917
2.5 1.89646
2.6 1.94644
2.7 2.00009
2.8 2.06356
2.9 2.12366
3.0 2.18234
3.1 2.23872
3.2 2.29748
3.3 2.35216
3.4 2.40726
3.5 2.46435
3.6 2.5253
3.7 2.5846
3.8 2.6436
3.9 2.69887
4.0 2.75893
4.1 2.81481
4.2 2.87878
4.3 2.94239
4.4 2.99852
4.5 3.05636
4.6 3.10426
4.7 3.16999
4.8 3.22332
4.9 3.29282
5.0 3.3534
5.1 3.38831
5.2 3.44727
5.3 3.4844
5.4 3.53947
5.5 3.57203
5.6 3.62076
5.7 3.69003
5.8 3.72688
5.9 3.77219
6.0 3.86669
6.1 3.88973
6.2 3.94751
6.3 3.97061
6.4 4.01963
6.5 4.0584
6.6 4.1003
6.7 4.10568
6.8 4.20162
6.9 4.24356
7.0 4.30364
7.1 4.31901
7.2 4.37291
7.3 4.41318
7.4 4.47012
7.5 4.49625
7.6 4.53704
7.7 4.57208
7.8 4.60925
7.9 4.65648
8.0 4.6934
8.1 4.6934
8.2 4.6934
8.3 4.6934
8.4 4.6934
8.5 4.6934
8.6 4.6934
8.7 4.6934
8.8 4.6934
8.9 4.6934
9.0 4.6934
9.1 4.6934
9.2 4.6934
9.3 4.6934
9.4 4.6934
9.5 4.6934
9.6 4.6934
9.7 4.6934
9.8 4.6934
9.9 4.6934
10.0 4.6934
10.1 4.6934
10.2 4.6934
10.3 4.6934
10.4 4.6934
10.5 4.6934
10.6 4.6934
10.7 4.6934
10.8 4.6934
10.9 4.6934
11.0 4.6934
11.1 4.6934
11.2 4.6934
11.3 4.6934
11.4 4.6934
11.5 4.6934
11.6 4.6934
11.7 4.6934
11.8 4.6934
11.9 4.6934
12.0 4.6934
12.1 4.6934
12.2 4.6934
12.3 4.6934
12.4 4.6934
12.5 4.6934
12.6 4.6934
12.7 4.6934
12.8 4.6934
12.9 4.6934
13.0 4.6934
13.1 4.6934
13.2 4.6934
13.3 4.6934
13.4 4.6934
13.5 4.6934
13.6 4.6934
13.7 4.6934
13.8 4.6934
13.9 4.6934
14.0 4.6934
14.1 4.6934
14.2 4.6934
14.3 4.6934
14.4 4.6934
14.5 4.6934
14.6 4.6934
14.7 4.6934
14.8 4.6934
14.9 4.6934
15.0 4.70022
