0.0 0.824915508333333 1.7031180317165096
0.03759398496240601 0.824915508333333 1.7031180317165096
0.07518796992481203 0.8593399218090201 1.7021287014633846
0.11278195488721804 0.9108778895849632 1.7007559020770502
0.15037593984962405 0.9624157388128523 1.6995317140871842
0.18796992481203006 1.0139539278546703 1.6984339600821643
0.22556390977443608 1.06549194510978 1.6974433571307288
0.2631578947368421 1.117029962359515 1.6965452096392066
0.3007518796992481 1.1685680307020794 1.695727275057648
0.3383458646616541 1.2201057291814343 1.694978671656205
0.37593984962406013 1.2716436279598433 1.694291513385206
0.41353383458646614 1.3231947933014516 1.6936804409496182
0.45112781954887216 1.3782982657868563 1.6988044757604563
0.48872180451127817 1.4333529573059363 1.703966671425657
0.5263157894736842 1.4860245815668476 1.7059666211860562
0.5639097744360901 1.5406568038674342 1.7110274825165102
0.6015037593984962 1.5918969802575131 1.7129527227800583
0.6390977443609023 1.6309069349136571 1.7039510261563393
0.6766917293233082 1.6680999633837637 1.6955285230785442
0.7142857142857142 1.7079124448216296 1.691455898925046
0.7518796992481203 1.7394013469842473 1.6834977826634303
0.7894736842105263 1.7631111055502648 1.6696409203036926
0.8270676691729323 1.7890358600735243 1.6598289662802619
0.8646616541353382 1.8184945938509969 1.6542245333509376
0.9022556390977443 1.8394609420657175 1.6428393272090445
0.9398496240601504 1.859035711984143 1.6309390925230818
0.9774436090225563 1.8725911212814725 1.614661593462654
1.0150375939849623 1.9000059704685555 1.6099541335192824
1.0526315789473684 1.936468489654141 1.6133720306255661
1.0902255639097744 1.9552592665798316 1.6031321715856526
1.1278195488721803 1.9786644953488792 1.5966793242306854
1.1654135338345863 2.0060783068595964 1.5936720144015353
1.2030075187969924 2.0330230979292248 1.5908208220463287
1.2406015037593985 2.061627117918327 1.589293243898793
1.2781954887218046 2.0919709434998834 1.5892535737043207
1.3157894736842104 2.1111744976465316 1.5816470124002693
1.3533834586466165 2.12755386126357 1.5725816402613169
1.3909774436090225 2.1481187576321394 1.5669890055402687
1.4285714285714284 2.1702010768077566 1.562593524321426
1.4661654135338344 2.1938781631416373 1.5593364346596192
1.5037593984962405 2.217653782128719 1.5565977642014681
1.5413533834586466 2.2281185086450086 1.5450390778158305
1.5789473684210527 2.2467118731379525 1.5389033787546627
1.6165413533834585 2.275107548379586 1.5395757029721024
1.6541353383458646 2.3055823485018014 1.5421928835896028
1.6917293233082706 2.33277091207107 1.5432023247543978
1.7293233082706765 2.3525210307659563 1.5394290266081916
1.7669172932330826 2.3883292251520007 1.546469740739641
1.8045112781954886 2.424263970702761 1.553567972419616
1.8421052631578947 2.443817037425931 1.5496613350743882
1.8796992481203008 2.4717334589738114 1.5511037584759273
1.9172932330827066 2.517180076288518 1.5643062764285816
1.9548872180451127 2.546446244615825 1.5665666552932338
1.9924812030075187 2.5751985784642453 1.5681243972469594
2.0300751879699246 2.6047795296692637 1.5705271024457972
2.0676691729323307 2.632126309470153 1.571863950473051
2.1052631578947367 2.652041686301921 1.5689659916062964
2.142857142857143 2.6779600265210957 1.5690950389885272
2.180451127819549 2.7089051281738095 1.5725385179752651
2.218045112781955 2.7370320844128315 1.574769045033735
2.2556390977443606 2.7800978307273936 1.585318644125322
2.2932330827067666 2.8174600291514365 1.5913912629920854
2.3308270676691727 2.8574479467725578 1.5981481437548433
2.3684210526315788 2.9132027161265106 1.6122682684581422
2.406015037593985 2.953514453315242 1.6135519248872583
2.443609022556391 2.99623149169617 1.6157303601536022
2.481203007518797 3.032109965569009 1.6168367593252804
2.518796992481203 3.063072578918785 1.617849309399228
2.556390977443609 3.1043213624480095 1.6233327447885573
2.5939849624060147 3.1270464309742527 1.6195547215309718
2.631578947368421 3.1768138358742957 1.629568760783913
2.669172932330827 3.2379513850664154 1.6443573579052955
2.706766917293233 3.299507205390169 1.6581126104410906
2.744360902255639 3.3487996234052075 1.6634212735375307
2.781954887218045 3.3958125148204457 1.6671999348740132
2.819548872180451 3.4472548785254644 1.6733469914832937
2.8571428571428568 3.4905158478172704 1.6757840521219647
2.894736842105263 3.509904710304441 1.6672421610026238
2.932330827067669 3.5420582964694844 1.6645302899771601
2.969924812030075 3.567249011100173 1.6589968775210024
3.007518796992481 3.594191184891459 1.655168623790291
3.045112781954887 3.6247594565050147 1.653384546019383
3.082706766917293 3.691509704411484 1.6677302160247784
3.1203007518796992 3.7230982597007056 1.665971661865938
3.1578947368421053 3.756322976915529 1.6647599463934282
3.195488721804511 3.8038683144436836 1.669560241742846
3.233082706766917 3.836028971549945 1.6675364032993338
3.270676691729323 3.8580578327343287 1.661582915233161
3.308270676691729 3.8766956810760664 1.6548377934625562
3.345864661654135 3.9247976889829923 1.66137600968752
3.3834586466165413 3.9546010029458665 1.65923906705411
3.4210526315789473 3.99178286513729 1.6604423759506965
3.458646616541353 4.040804676875833 1.6662211426644464
3.496240601503759 4.074117891413613 1.6656766411133515
3.533834586466165 4.134561130172908 1.675340524245205
3.571428571428571 4.185631793973753 1.6798882768064054
3.6090225563909772 4.228180115156457 1.6810821850471358
3.6466165413533833 4.2402435441374955 1.6711377725892769
3.6842105263157894 4.2325022625454185 1.6538172778650306
3.7218045112781954 4.223749065566991 1.6362076611199337
3.7593984962406015 4.2700445522998205 1.6396875376450462
3.796992481203007 4.324430239428622 1.6463017976363128
3.834586466165413 4.33935619404956 1.638413347216051
3.8721804511278193 4.373696551650727 1.6389927020854476
3.9097744360902253 4.42712091259686 1.6461710659167135
3.9473684210526314 4.477478718088433 1.6517421631796718
3.9849624060150375 4.491114144437757 1.643416163081235
4.022556390977443 4.505606907996385 1.6350079687257952
4.060150375939849 4.5503786822415 1.6382800664143038
4.097744360902255 4.57085818772424 1.6331361386618086
4.135338345864661 4.606540003942187 1.633000933821611
4.172932330827067 4.641832243375281 1.6319767358602233
4.2105263157894735 4.681108050840209 1.6319038284215113
4.2481203007518795 4.71360674903399 1.6297455318170755
4.285714285714286 4.73972604090588 1.625160827830883
4.323308270676692 4.757917253923862 1.6183221405228008
4.360902255639098 4.8482348977176555 1.6369467565508278
4.398496240601504 4.94233985587886 1.6571941303644482
4.43609022556391 4.997509796227749 1.6638108637875904
4.473684210526316 5.050468917833911 1.6705281267200998
4.511278195488721 5.0931437456080415 1.6740013496194885
4.548872180451127 5.128428839429847 1.6749287971027
4.586466165413533 5.156809438959665 1.6738921745395574
4.624060150375939 5.17716128117084 1.6710072645398648
4.661654135338345 5.199805257663957 1.6693706463140572
4.6992481203007515 5.227963267068501 1.6698716352537055
4.7368421052631575 5.206609467558331 1.6545472406597874
4.774436090225564 5.225411134499768 1.6502770208689495
4.81203007518797 5.263930273440469 1.6521758478431399
4.849624060150376 5.314096600468356 1.6577070729088907
4.887218045112782 5.3522274080890675 1.659759948693053
4.924812030075188 5.38971676320407 1.6616012193711907
4.962406015037594 5.439830487000629 1.6686047887549253
5.0 5.463743425797437 1.6680076922535485
5.037593984962406 5.508343451596398 1.674311492976194
5.075187969924812 5.520385959262326 1.670778021733034
5.112781954887218 5.5519104062700935 1.6730232084127663
5.150375939849623 5.5703840882057865 1.6714042571062577
5.1879699248120295 5.584717241870266 1.6686483828858372
5.2255639097744355 5.574573417943913 1.6588465397873107
5.263157894736842 5.595880979730816 1.658313833067493
5.300751879699248 5.622800098241187 1.6595436605097411
5.338345864661654 5.661038382324163 1.6640979193324383
5.37593984962406 5.708838898489688 1.6716957402554724
5.413533834586466 5.723673091747302 1.6694469533707015
5.451127819548872 5.725457093649633 1.6634605161626266
5.488721804511278 5.744097555176611 1.6626543236269273
5.526315789473684 5.766383416822579 1.6632226291804992
5.56390977443609 5.783993019012968 1.6624031330838627
5.601503759398496 5.805873952430418 1.6624398466834087
5.639097744360902 5.838078906730072 1.665048593131124
5.676691729323308 5.882339905224717 1.67112905896099
5.7142857142857135 5.946469048285767 1.68249299175812
5.75187969924812 6.0096761960868985 1.6939628402597955
5.789473684210526 6.053720833290159 1.7007005579680186
5.827067669172932 6.089096113944588 1.7050537220973176
5.864661654135338 6.101610860986742 1.7030843907600088
5.902255639097744 6.096860776595464 1.6963888978529398
5.93984962406015 6.114335940596069 1.695629974303551
5.977443609022556 6.1394873475463925 1.6962541449810968
6.015037593984962 6.164249982801393 1.6964826598663933
6.052631578947368 6.1965845711107415 1.6991084669604566
6.090225563909774 6.229800136776305 1.7023009564205454
6.12781954887218 6.266897307780683 1.7063416566807799
6.165413533834586 6.305895854121238 1.7113412734439626
6.203007518796992 6.354676641636031 1.7190976886534721
6.2406015037593985 6.41054149076783 1.7290265698899625
6.2781954887218046 6.444904473806802 1.7330374623544358
6.315789473684211 6.465401218371881 1.7332842003719842
6.353383458646616 6.489129672503385 1.734697664097611
6.390977443609022 6.52909499480026 1.7408983813868708
6.428571428571428 6.558408871824894 1.7443669978576155
6.466165413533834 6.5717438915092865 1.7435063473639112
6.50375939849624 6.585496340042805 1.7426395013958738
6.541353383458646 6.5997371233757205 1.74184893583903
6.578947368421052 6.614519550366731 1.7411893727909562
6.616541353383458 6.642141027662941 1.7441427070615332
6.654135338345864 6.675145269206524 1.7487530979658288
6.69172932330827 6.6928285494414625 1.7493472395059915
6.7293233082706765 6.719527864366271 1.7523767140680528
6.7669172932330826 6.744836526776103 1.7549400365219034
6.804511278195489 6.747179695159545 1.7513509805427128
6.842105263157895 6.756130502267926 1.749446231357689
6.879699248120301 6.781412248483043 1.751595776775117
6.917293233082706 6.803368366722805 1.752699427617008
6.954887218045112 6.81785905098421 1.7517434698581331
6.992481203007518 6.832081433637756 1.7506968639998735
7.030075187969924 6.849616968849481 1.7503738757226153
7.06766917293233 6.869067290516196 1.750575666807817
7.105263157894736 6.884850393005128 1.7498016434598618
7.142857142857142 6.900005580680505 1.7487892087154637
7.180451127819548 6.919229866165738 1.748750819152195
7.2180451127819545 6.93535171956223 1.7478313643280234
7.2556390977443606 6.951164491370823 1.746740876870107
7.293233082706767 6.973130006926857 1.7471704699721866
7.330827067669173 6.993530528852093 1.7472363231034125
7.368421052631579 7.007967527318545 1.7458324867637351
7.406015037593985 7.012217644368772 1.7418920415717387
7.443609022556391 7.025633988434454 1.7401359487255297
7.481203007518797 7.042139666019659 1.7392268353879001
7.518796992481203 7.0587619708820695 1.7383301247594993
7.556390977443608 7.075612922108608 1.7374666173527424
7.593984962406014 7.09276149622048 1.736626654703485
7.63157894736842 7.110609304111993 1.7356700460015024
7.669172932330826 7.128420808325109 1.734748503946144
7.7067669172932325 7.143678398184396 1.7332677719097829
7.744360902255639 7.151995817643228 1.7299912799892865
7.781954887218045 7.167953671641166 1.7285065232843781
7.819548872180451 7.193419498457103 1.7294356096942503
7.857142857142857 7.250942794557245 1.7380942001663355
7.894736842105263 7.273028916734214 1.7382205178271797
7.932330827067669 7.292091599006457 1.7376437870901453
7.969924812030075 7.311559018335034 1.7370998136908513
8.00751879699248 7.330659956177064 1.7365388517662272
8.045112781954886 7.348885112466979 1.7358718032253364
8.082706766917292 7.367032558316885 1.7352170753376481
8.120300751879698 7.384897192269007 1.734555035692099
8.157894736842104 7.402603557837988 1.7339135126301555
8.19548872180451 7.419944479009238 1.7333205532653329
8.233082706766917 7.4371482676765215 1.7327759617235643
8.270676691729323 7.453853687868521 1.7324178279106677
8.308270676691729 7.470449056107484 1.7320988638294188
8.345864661654135 7.486730122278244 1.7317100506609693
8.38345864661654 7.5027586015086625 1.731416061921846
8.421052631578947 7.51853941515187 1.7311968694601731
8.458646616541353 7.534320228795081 1.7309786503493103
8.496240601503759 7.550101042438287 1.7307613981201984
8.533834586466165 7.565881856081499 1.7305451063609767
8.571428571428571 7.581662669724705 1.7303297687163495
8.609022556390977 7.597443483367916 1.7301153788869728
8.646616541353383 7.613224297011126 1.7299019306288292
8.68421052631579 7.62900511065433 1.7296894177526285
8.721804511278195 7.644785924297537 1.7294778341232109
8.759398496240602 7.6605667379407505 1.7292671736589498
8.796992481203008 7.676347551583962 1.7290574303311752
8.834586466165414 7.692128365227167 1.728848598163591
8.87218045112782 7.707909178870378 1.7286406712317206
8.909774436090226 7.723689992513589 1.7284336436623344
8.947368421052632 7.739470806156796 1.728227509632899
8.984962406015038 7.755251619800005 1.728022263371037
9.022556390977442 7.771032433443213 1.7278178991539828
9.060150375939848 7.786813247086418 1.727614411308053
9.097744360902254 7.80259406072963 1.7274117942081237
9.13533834586466 7.81837487437284 1.727210042277101
9.172932330827066 7.834155688016049 1.7270091499854243
9.210526315789473 7.849866172104664 1.726825925936703
9.248120300751879 7.865265084946797 1.7266243337409286
9.285714285714285 7.879790788564389 1.7263719299824025
9.32330827067669 7.89408877468111 1.726145332748133
9.360902255639097 7.9076038094368615 1.7258555335825714
9.398496240601503 7.920740114635793 1.7255623997792418
9.436090225563909 7.933706086133977 1.7253018370679032
9.473684210526315 7.946578061297548 1.7250239088664396
9.511278195488721 7.958879185940787 1.724740848119721
9.548872180451127 7.969985514958893 1.7245051992528329
9.586466165413533 7.980376182311421 1.724315865445412
9.62406015037594 7.9904798158421615 1.7241524183023482
9.661654135338345 8.00032490564654 1.7240451189252355
9.699248120300751 8.009819373644357 1.7240085769237359
9.736842105263158 8.0192417701809 1.723998769405819
9.774436090225564 8.028349054631622 1.7240402290065042
9.81203007518797 8.036980935971874 1.7240777062782524
9.849624060150376 8.044723326228189 1.7240778347449635
9.887218045112782 8.051632528877773 1.7240225258995605
9.924812030075188 8.058360665563505 1.7239862082135768
9.962406015037594 8.06395698150469 1.7239989292576698
10.0 8.069305139889224 1.7240137740823307
10.037593984962406 8.074318629631653 1.723999935841258
10.075187969924812 8.07872007931691 1.7239851827050157
10.112781954887218 8.082285901770918 1.724046716573542
10.150375939849624 8.085663542555263 1.7240958130585564
10.18796992481203 8.087835274593708 1.7240487484167992
10.225563909774436 8.089506541756773 1.7239766775910204
10.26315789473684 8.09054089671594 1.723942506046843
10.300751879699247 8.09113750222102 1.7239432346029144
10.338345864661653 8.091152166666664 1.7239436950819769
10.375939849624059 8.091152166666664 1.7239436950819769
10.413533834586465 8.091152166666664 1.7239436950819769
10.451127819548871 8.091152166666664 1.7239436950819769
10.488721804511277 8.091152166666664 1.7239436950819769
10.526315789473683 8.091152166666664 1.7239436950819769
10.56390977443609 8.091152166666664 1.7239436950819769
10.601503759398495 8.091152166666664 1.7239436950819769
10.639097744360901 8.091152166666664 1.7239436950819769
10.676691729323307 8.091152166666664 1.7239436950819769
10.714285714285714 8.091152166666664 1.7239436950819769
10.75187969924812 8.091152166666664 1.7239436950819769
10.789473684210526 8.091152166666664 1.7239436950819769
10.827067669172932 8.091152166666664 1.7239436950819769
10.864661654135338 8.091152166666664 1.7239436950819769
10.902255639097744 8.091152166666664 1.7239436950819769
10.93984962406015 8.091152166666664 1.7239436950819769
10.977443609022556 8.091152166666664 1.7239436950819769
11.015037593984962 8.091152166666664 1.7239436950819769
11.052631578947368 8.091152166666664 1.7239436950819769
11.090225563909774 8.091152166666664 1.7239436950819769
11.12781954887218 8.091152166666664 1.7239436950819769
11.165413533834586 8.091152166666664 1.7239436950819769
11.203007518796992 8.091152166666664 1.7239436950819769
11.240601503759398 8.091152166666664 1.7239436950819769
11.278195488721805 8.091152166666664 1.7239436950819769
11.31578947368421 8.091152166666664 1.7239436950819769
11.353383458646617 8.091152166666664 1.7239436950819769
11.390977443609023 8.091152166666664 1.7239436950819769
11.428571428571427 8.091152166666664 1.7239436950819769
11.466165413533833 8.091152166666664 1.7239436950819769
11.50375939849624 8.091152166666664 1.7239436950819769
11.541353383458645 8.091152166666664 1.7239436950819769
11.578947368421051 8.091152166666664 1.7239436950819769
11.616541353383457 8.091152166666664 1.7239436950819769
11.654135338345863 8.091152166666664 1.7239436950819769
11.69172932330827 8.091152166666664 1.7239436950819769
11.729323308270676 8.091152166666664 1.7239436950819769
11.766917293233082 8.091152166666664 1.7239436950819769
11.804511278195488 8.091152166666664 1.7239436950819769
11.842105263157894 8.091152166666664 1.7239436950819769
11.8796992481203 8.091152166666664 1.7239436950819769
11.917293233082706 8.091152166666664 1.7239436950819769
11.954887218045112 8.091152166666664 1.7239436950819769
11.992481203007518 8.091152166666664 1.7239436950819769
12.030075187969924 8.091152166666664 1.7239436950819769
12.06766917293233 8.091152166666664 1.7239436950819769
12.105263157894736 8.091152166666664 1.7239436950819769
12.142857142857142 8.091152166666664 1.7239436950819769
12.180451127819548 8.091152166666664 1.7239436950819769
12.218045112781954 8.091152166666664 1.7239436950819769
12.25563909774436 8.091152166666664 1.7239436950819769
12.293233082706767 8.091152166666664 1.7239436950819769
12.330827067669173 8.091152166666664 1.7239436950819769
12.368421052631579 8.091152166666664 1.7239436950819769
12.406015037593985 8.091152166666664 1.7239436950819769
12.443609022556391 8.091152166666664 1.7239436950819769
12.481203007518797 8.091152166666664 1.7239436950819769
12.518796992481203 8.091152166666664 1.7239436950819769
12.556390977443609 8.091152166666664 1.7239436950819769
12.593984962406015 8.091152166666664 1.7239436950819769
12.631578947368421 8.091152166666664 1.7239436950819769
12.669172932330826 8.091152166666664 1.7239436950819769
12.706766917293232 8.091152166666664 1.7239436950819769
12.744360902255638 8.091152166666664 1.7239436950819769
12.781954887218044 8.091152166666664 1.7239436950819769
12.81954887218045 8.091152166666664 1.7239436950819769
12.857142857142856 8.091152166666664 1.7239436950819769
12.894736842105262 8.091152166666664 1.7239436950819769
12.932330827067668 8.091152166666664 1.7239436950819769
12.969924812030074 8.091152166666664 1.7239436950819769
13.00751879699248 8.091152166666664 1.7239436950819769
13.045112781954886 8.091152166666664 1.7239436950819769
13.082706766917292 8.091152166666664 1.7239436950819769
13.120300751879698 8.091152166666664 1.7239436950819769
13.157894736842104 8.091152166666664 1.7239436950819769
13.19548872180451 8.091152166666664 1.7239436950819769
13.233082706766917 8.091152166666664 1.7239436950819769
13.270676691729323 8.091152166666664 1.7239436950819769
13.308270676691729 8.091152166666664 1.7239436950819769
13.345864661654135 8.091152166666664 1.7239436950819769
13.38345864661654 8.091152166666664 1.7239436950819769
13.421052631578947 8.091152166666664 1.7239436950819769
13.458646616541353 8.091152166666664 1.7239436950819769
13.496240601503759 8.091152166666664 1.7239436950819769
13.533834586466165 8.091152166666664 1.7239436950819769
13.571428571428571 8.091152166666664 1.7239436950819769
13.609022556390977 8.091152166666664 1.7239436950819769
13.646616541353383 8.091152166666664 1.7239436950819769
13.68421052631579 8.091152166666664 1.7239436950819769
13.721804511278195 8.091152166666664 1.7239436950819769
13.759398496240602 8.091152166666664 1.7239436950819769
13.796992481203008 8.091152166666664 1.7239436950819769
13.834586466165412 8.091152166666664 1.7239436950819769
13.872180451127818 8.091152166666664 1.7239436950819769
13.909774436090224 8.091152166666664 1.7239436950819769
13.94736842105263 8.091152166666664 1.7239436950819769
13.984962406015036 8.091152166666664 1.7239436950819769
14.022556390977442 8.091152166666664 1.7239436950819769
14.060150375939848 8.091152166666664 1.7239436950819769
14.097744360902254 8.091152166666664 1.7239436950819769
14.13533834586466 8.091152166666664 1.7239436950819769
14.172932330827066 8.091152166666664 1.7239436950819769
14.210526315789473 8.091152166666664 1.7239436950819769
14.248120300751879 8.091152166666664 1.7239436950819769
14.285714285714285 8.091152166666664 1.7239436950819769
14.32330827067669 8.091152166666664 1.7239436950819769
14.360902255639097 8.091152166666664 1.7239436950819769
14.398496240601503 8.091152166666664 1.7239436950819769
14.436090225563909 8.091152166666664 1.7239436950819769
14.473684210526315 8.091152166666664 1.7239436950819769
14.511278195488721 8.091152166666664 1.7239436950819769
14.548872180451127 8.091152166666664 1.7239436950819769
14.586466165413533 8.091152166666664 1.7239436950819769
14.62406015037594 8.091152166666664 1.7239436950819769
14.661654135338345 8.091152166666664 1.7239436950819769
14.699248120300751 8.091152166666664 1.7239436950819769
14.736842105263158 8.091152166666664 1.7239436950819769
14.774436090225564 8.091152166666664 1.7239436950819769
14.81203007518797 8.091152166666664 1.7239436950819769
14.849624060150376 8.091152166666664 1.7239436950819769
14.887218045112782 8.091152166666664 1.7239436950819769
14.924812030075188 8.091152166666664 1.7239436950819769
14.962406015037594 8.091152166666664 1.7239436950819769
15.0 8.091152166666664 1.7239436950819769
