0.0 0.476258
0.1 0.506605
0.2 0.547627
0.3 0.588816
0.4 0.636204
0.5 0.687506
0.6 0.736082
0.7 0.783335
0.8 0.82852
0.9 0.870012
1.0 0.911536
1.1 0.955703
1.2 1.00661
1.3 1.06276
1.4 1.12308
1.5 1.18692
1.6 1.25324
1.7 1.32422
1.8 1.38946
1.9 1.45564
2.0 1.52696
2.1 1.60518
2.2 1.68863
2.3 1.78008
2.4 1.87591
2.5 1.94951
2.6 2.03436
2.7 2.12002
2.8 2.20284
2.9 2.28483
3.0 2.36252
3.1 2.42915
3.2 2.49214
3.3 2.57276
3.4 2.64563
3.5 2.72578
3.6 2.80128
3.7 2.87658
3.8 2.95356
3.9 3.01641
4.0 3.08915
4.1 3.15733
4.2 3.23741
4.3 3.28299
4.4 3.33916
4.5 3.41643
4.6 3.4663
4.7 3.52145
4.8 3.58094
4.9 3.63662
5.0 3.69938
5.1 3.76134
5.2 3.83913
5.3 3.90763
5.4 3.94927
5.5 4.01014
5.6 4.06328
5.7 4.09014
5.8 4.15256
5.9 4.18335
6.0 4.23462
6.1 4.31061
6.2 4.3371
6.3 4.38232
6.4 4.42273
6.5 4.49512
6.6 4.57141
6.7 4.64328
6.8 4.6947
6.9 4.72668
7.0 4.75365
7.1 4.78436
7.2 4.81847
7.3 4.85728
7.4 4.87686
7.5 4.90813
7.6 4.95518
7.7 5.00774
7.8 5.04801
7.9 5.07074
8.0 5.09364
8.1 5.09364
8.2 5.09364
8.3 5.09364
8.4 5.09364
8.5 5.09364
8.6 5.09364
8.7 5.09364
8.8 5.09364
8.9 5.09364
9.0 5.09364
9.1 5.09364
9.2 5.09364
9.3 5.09364
9.4 5.09364
9.5 5.09364
9.6 5.09364
9.7 5.09364
9.8 5.09364
9.9 5.09364
10.0 5.09364
10.1 5.09364
10.2 5.09364
10.3 5.09364
10.4 5.09364
10.5 5.09364
10.6 5.09364
10.7 5.09364
10.8 5.09364
10.9 5.09364
11.0 5.09364
11.1 5.09364
11.2 5.09364
11.3 5.09364
11.4 5.09364
11.5 5.09364
11.6 5.09364
11.7 5.09364
11.8 5.09364
11.9 5.09364
12.0 5.09364
12.1 5.09364
12.2 5.09364
12.3 5.09364
12.4 5.09364
12.5 5.09364
12.6 5.09364
12.7 5.09364
12.8 5.09364
12.9 5.09364
13.0 5.09364
13.1 5.09364
13.2 5.09364
13.3 5.09364
13.4 5.09364
13.5 5.09364
13.6 5.09364
13.7 5.09364
13.8 5.09364
13.9 5.09364
14.0 5.09364
14.1 5.09364
14.2 5.09364
14.3 5.09364
14.4 5.09364
14.5 5.09364
14.6 5.09364
14.7 5.09364
14.8 5.09364
14.9 5.09364
15.0 5.13843
