0.0 0.9657643593314771 2.0556981065749356
0.03759398496240601 0.9657643593314771 2.0556981065749356
0.07518796992481203 0.9667741738765813 2.055685081272219
0.11278195488721804 0.9682901216770454 2.055665871427087
0.15037593984962405 0.969806173956401 2.055647061666737
0.18796992481203006 0.9713222333742424 2.055628166328252
0.22556390977443608 0.9728382866463788 2.0556093540879203
0.2631578947368421 0.974354343027674 2.055590611918391
0.3007518796992481 0.9754556500136671 2.054699737114909
0.3383458646616541 0.9760965954665282 2.0528386543057766
0.37593984962406013 0.976360831026505 2.050176387909421
0.41353383458646614 0.9773587656093803 2.0482282357357886
0.45112781954887216 0.977889082864567 2.044366489789446
0.48872180451127817 0.9787389930325816 2.039239750817183
0.5263157894736842 0.979017082180288 2.0309840309411338
0.5639097744360901 0.9814881571413666 2.0218401686625533
0.6015037593984962 0.9878413514524105 2.0149878597209616
0.6390977443609023 0.9944676335854044 2.007156105581436
0.6766917293233082 1.0059988174472094 1.998810768834149
0.7142857142857142 1.0124728955173903 1.989129985220347
0.7518796992481203 1.0212751361550063 1.9819193755974265
0.7894736842105263 1.0336393321156252 1.977514379597534
0.8270676691729323 1.0442649924400966 1.9718585941305222
0.8646616541353382 1.0571997094603272 1.9681582426081337
0.9022556390977443 1.0684431316333596 1.9578179108875586
0.9398496240601504 1.081239860068644 1.9464418182949608
0.9774436090225563 1.1101371323805287 1.9418024411836647
1.0150375939849623 1.1256328884989775 1.9194864308123105
1.0526315789473684 1.1452544820762685 1.9076113021563395
1.0902255639097744 1.1717822155602158 1.8994489713104383
1.1278195488721803 1.203146415351757 1.8923448860235095
1.1654135338345863 1.23907744713129 1.891732031682649
1.2030075187969924 1.2760669091238297 1.8940435818196975
1.2406015037593985 1.316891299992875 1.9026858821146886
1.2781954887218046 1.3511595661033047 1.8893363087722768
1.3157894736842104 1.3885910685996483 1.8808360404319582
1.3533834586466165 1.42628983337413 1.8717005906126654
1.3909774436090225 1.4673836199289596 1.8678175478942973
1.4285714285714284 1.51382950772915 1.8644390821743269
1.4661654135338344 1.5604713278731581 1.8586286176063327
1.5037593984962405 1.6106191310996651 1.8529512419231482
1.5413533834586466 1.674018756033302 1.8651904059347544
1.5789473684210527 1.728458179041747 1.8636740605311901
1.6165413533834585 1.7823160648482086 1.8644374921400888
1.6541353383458646 1.8347733017768433 1.8614273338410028
1.6917293233082706 1.8900919674852121 1.8521300153979694
1.7293233082706765 1.935429207740926 1.8407207518519495
1.7669172932330826 1.9765359888998517 1.8266874849077428
1.8045112781954886 2.0268712047784643 1.8224547622598548
1.8421052631578947 2.0738412292728508 1.8171451154808302
1.8796992481203008 2.1161010087577976 1.8044253714075844
1.9172932330827066 2.1649468059731336 1.7940517204407025
1.9548872180451127 2.216533575963927 1.7877679232618424
1.9924812030075187 2.2752825393758562 1.7866382096522928
2.0300751879699246 2.3396265822546405 1.7867029359327653
2.0676691729323307 2.4098315485411907 1.7906544558939186
2.1052631578947367 2.4721962373814645 1.7880007245181553
2.142857142857143 2.534236629630951 1.787392897350253
2.180451127819549 2.599075979484286 1.7894533442979879
2.218045112781955 2.6748132225965073 1.7969162670364853
2.2556390977443606 2.7462637437113804 1.8010254412093947
2.2932330827067666 2.8189474238026153 1.8089169722494445
2.3308270676691727 2.885773839845675 1.8129109474622707
2.3684210526315788 2.9388686906307906 1.809197023130372
2.406015037593985 2.989023639716835 1.8043665551455537
2.443609022556391 3.056150366247455 1.8080394003438334
2.481203007518797 3.122331880462976 1.8117651231305378
2.518796992481203 3.189427575392912 1.8152863079672663
2.556390977443609 3.2518460868756844 1.8155700934015282
2.5939849624060147 3.297853648835291 1.8067006095817937
2.631578947368421 3.3482037389821038 1.800820131309479
2.669172932330827 3.4077677270899844 1.8003859143315624
2.706766917293233 3.472135743703884 1.802500071869169
2.744360902255639 3.5331746628150342 1.8041828697816722
2.781954887218045 3.590384291839643 1.802674821706258
2.819548872180451 3.6507287242450124 1.8004976160993527
2.8571428571428568 3.711838903996183 1.8001097938053559
2.894736842105263 3.7711858414706803 1.8012892348814549
2.932330827067669 3.8171110840782556 1.7978233961328962
2.969924812030075 3.854344999965259 1.7907959809276086
3.007518796992481 3.9054263924262176 1.7907349229158476
3.045112781954887 3.9699537524404382 1.7963473295647967
3.082706766917293 4.025672690173128 1.7977200681693069
3.1203007518796992 4.082847868341647 1.7994161781494373
3.1578947368421053 4.144167322806121 1.8020010925299887
3.195488721804511 4.200200444373997 1.8019800227122398
3.233082706766917 4.250132602017851 1.798248232886138
3.270676691729323 4.2972478817707005 1.7947329688449793
3.308270676691729 4.331174536240965 1.7874263353117346
3.345864661654135 4.366828505103792 1.781129849729227
3.3834586466165413 4.413539846907635 1.7796463287703852
3.4210526315789473 4.471085210364871 1.7811023133466315
3.458646616541353 4.522399941615209 1.778794684709193
3.496240601503759 4.573048215440669 1.7762787822715769
3.533834586466165 4.61221805580924 1.770082343869771
3.571428571428571 4.64988535777137 1.764821743283549
3.6090225563909772 4.7008395505625336 1.7644486733529983
3.6466165413533833 4.741484601491957 1.7609327369088335
3.6842105263157894 4.791212106217088 1.7613090499158626
3.7218045112781954 4.852940729123218 1.7658178574274328
3.7593984962406015 4.900065360857319 1.7659934371369574
3.796992481203007 4.934363135043141 1.7620135068232825
3.834586466165413 4.974401887639625 1.7601518982881998
3.8721804511278193 5.02762133389698 1.7616914707650084
3.9097744360902253 5.079895775150458 1.7616482747424294
3.9473684210526314 5.128350720676052 1.761563089984253
3.9849624060150375 5.1756919701959765 1.7616111868991828
4.022556390977443 5.197423162584679 1.7534305357628388
4.060150375939849 5.2243332233250035 1.7477776698816578
4.097744360902255 5.272525814531135 1.7490873670063967
4.135338345864661 5.325451997401364 1.7524378362849786
4.172932330827067 5.359775163141517 1.7499514854448306
4.2105263157894735 5.40267579531015 1.7500902124651823
4.2481203007518795 5.432231757986773 1.7461855210013484
4.285714285714286 5.475590356515132 1.7471753631523506
4.323308270676692 5.5044630066817755 1.7442668339678329
4.360902255639098 5.522834704403311 1.7382986106058893
4.398496240601504 5.556738629644734 1.737212314617926
4.43609022556391 5.594371776065708 1.737184193272678
4.473684210526316 5.623601309636368 1.7349072731162958
4.511278195488721 5.643288876114309 1.730157294498033
4.548872180451127 5.661610741074377 1.7252641604500099
4.586466165413533 5.707592739541343 1.7280458416451645
4.624060150375939 5.738695039702412 1.7262075062281363
4.661654135338345 5.760669407820495 1.7215903487575772
4.6992481203007515 5.800034965337109 1.7227687436771613
4.7368421052631575 5.841422182493647 1.7244308753883695
4.774436090225564 5.873993861790787 1.723551879076516
4.81203007518797 5.930868608060909 1.729983993133699
4.849624060150376 5.9791181644925215 1.7336894321236123
4.887218045112782 6.016022238690727 1.733949040070456
4.924812030075188 6.042547678646065 1.731356166806599
4.962406015037594 6.06355376806352 1.7273453162419166
5.0 6.115893754151512 1.7316215335566019
5.037593984962406 6.1474616710483 1.7306980534065406
5.075187969924812 6.168859338338168 1.727327124978403
5.112781954887218 6.189886326131285 1.724241834765174
5.150375939849623 6.214425758204023 1.7222605749253865
5.1879699248120295 6.24493306281649 1.7219002623845825
5.2255639097744355 6.286502653331986 1.7246847978167326
5.263157894736842 6.315486236228267 1.7245153333878942
5.300751879699248 6.350017821139805 1.7261059459580983
5.338345864661654 6.376852596420259 1.7258969422146004
5.37593984962406 6.409339277698097 1.7269872422897352
5.413533834586466 6.432702937591226 1.7257629616410086
5.451127819548872 6.467883065490554 1.727274675038721
5.488721804511278 6.503163629098908 1.7289155743015585
5.526315789473684 6.539696005080865 1.7316975876306608
5.56390977443609 6.572877262353013 1.733622723803934
5.601503759398496 6.601173857973262 1.7339918483631487
5.639097744360902 6.636849491033257 1.7360229811195624
5.676691729323308 6.6665846798365065 1.7365576715691498
5.7142857142857135 6.69416134075963 1.7369250777992398
5.75187969924812 6.7250771410493915 1.7380298036652297
5.789473684210526 6.737012705542298 1.7344101366286484
5.827067669172932 6.737475668794145 1.7280736088503426
5.864661654135338 6.766758203895162 1.7290670717399244
5.902255639097744 6.805157846064892 1.7324075977666538
5.93984962406015 6.827502402718274 1.731759970925912
5.977443609022556 6.850222538875662 1.7311694542452274
6.015037593984962 6.859797098862148 1.7275360762808736
6.052631578947368 6.8812748275794675 1.7268082702077314
6.090225563909774 6.906632337842903 1.7269900143175572
6.12781954887218 6.927045448761386 1.7259793073296852
6.165413533834586 6.937826827219456 1.7228094959084443
6.203007518796992 6.950996161860681 1.7201687317864947
6.2406015037593985 6.968606659548516 1.718531090108971
6.2781954887218046 6.995400385835821 1.7189825167907542
6.315789473684211 7.020570170531883 1.7190078354720788
6.353383458646616 7.037098593380574 1.7169021225501644
6.390977443609022 7.0567739308149084 1.7156365363242063
6.428571428571428 7.0831367772134275 1.7160823914735746
6.466165413533834 7.1095953666944105 1.7165115189413458
6.50375939849624 7.1331541087184505 1.7163606044209436
6.541353383458646 7.151119902151886 1.7149994068128416
6.578947368421052 7.175699215328965 1.715256989990636
6.616541353383458 7.1924330863319605 1.7135749795465682
6.654135338345864 7.21357563833416 1.712953423828379
6.69172932330827 7.237001945743905 1.712788137617049
6.7293233082706765 7.258753728615713 1.7121457764369765
6.7669172932330826 7.27891939790491 1.7111352447783164
6.804511278195489 7.2993399031633235 1.7103174999655282
6.842105263157895 7.317768601288935 1.7089460521518287
6.879699248120301 7.340491430470693 1.708449629797751
6.917293233082706 7.368396194593054 1.7091749839026051
6.954887218045112 7.397445063955715 1.71033809243934
6.992481203007518 7.422285766516054 1.7105313871798364
7.030075187969924 7.447467850141356 1.7108544030300499
7.06766917293233 7.4788434487745965 1.71260586191734
7.105263157894736 7.508941823017344 1.7140474524217686
7.142857142857142 7.532640757179842 1.7140108383768202
7.180451127819548 7.558226086413844 1.7143706834805
7.2180451127819545 7.584271783184974 1.7148396506581518
7.2556390977443606 7.610397622773408 1.7153453451573204
7.293233082706767 7.6363886892372435 1.7158784927255781
7.330827067669173 7.662260088442763 1.716403248983625
7.368421052631579 7.687982462876973 1.7169038057718078
7.406015037593985 7.7141143926127365 1.7175210169437598
7.443609022556391 7.742270024817033 1.7185705287502038
7.481203007518797 7.768595341921271 1.7192473258852015
7.518796992481203 7.794965855026937 1.719870142128663
7.556390977443608 7.821067258013942 1.7205052786985504
7.593984962406014 7.846762314740538 1.7211076404466532
7.63157894736842 7.867796366415667 1.7207595699344604
7.669172932330826 7.892704134197974 1.7213010144088263
7.7067669172932325 7.918711537382186 1.7221235396784216
7.744360902255639 7.944636776719623 1.722943230503421
7.781954887218045 7.970000035822799 1.7236929935349168
7.819548872180451 7.989929039980022 1.7232900845512071
7.857142857142857 8.014327741157501 1.7237658127176652
7.894736842105263 8.040547915496282 1.724511876638007
7.932330827067669 8.061423529667728 1.7241089838539985
7.969924812030075 8.08685510692352 1.724725661092095
8.00751879699248 8.112762761769188 1.7255351861113646
8.045112781954886 8.138266927325082 1.7263563121506695
8.082706766917292 8.163137681134767 1.7271998710498369
8.120300751879698 8.187557494022824 1.7280440116059
8.157894736842104 8.211352538233314 1.7289104857229685
8.19548872180451 8.23457069988435 1.7297227814109604
8.233082706766917 8.257391882191957 1.7305314971875243
8.270676691729323 8.280004695379859 1.731336205256869
8.308270676691729 8.302328166328847 1.7321343308029107
8.345864661654135 8.323984801917375 1.7329021758000096
8.38345864661654 8.344808201065941 1.7336390401839976
8.421052631578947 8.36527962201385 1.7343951875559032
8.458646616541353 8.385034672981925 1.7351682387862308
8.496240601503759 8.404518418440233 1.735952796257824
8.533834586466165 8.424002163898558 1.7367344294259064
8.571428571428571 8.443485909356871 1.737513154609815
8.609022556390977 8.462969654815186 1.7382889880077
8.646616541353383 8.482453400273506 1.7390619456976215
8.68421052631579 8.501937145731821 1.739832043638671
8.721804511278195 8.521420891190134 1.7405992976720726
8.759398496240602 8.540904636648456 1.741363723522264
8.796992481203008 8.560388382106762 1.7421253367979694
8.834586466165414 8.579872127565087 1.7428841529932704
8.87218045112782 8.5993558730234 1.7436401874886422
8.909774436090226 8.618839618481713 1.744393455552011
8.947368421052632 8.63832336394003 1.7451439723397646
8.984962406015038 8.657807109398346 1.7458917528977835
9.022556390977442 8.67729085485666 1.746636812162432
9.060150375939848 8.696774600314978 1.747379164961567
9.097744360902254 8.716258345773293 1.74811882601551
9.13533834586466 8.735742091231605 1.7488558099380296
9.172932330827066 8.755187540041067 1.749587046424976
9.210526315789473 8.774142147465776 1.7502761946558434
9.248120300751879 8.792477098069009 1.7509539057260148
9.285714285714285 8.810153900781142 1.751613595007556
9.32330827067669 8.827270602302738 1.7522332047131826
9.360902255639097 8.84424049806931 1.752847845727065
9.398496240601503 8.860640458231565 1.7534129867046453
9.436090225563909 8.876201974429494 1.7539402839784173
9.473684210526315 8.890732223343273 1.7544740154754317
9.511278195488721 8.904451073372762 1.754989724297145
9.548872180451127 8.917500649220509 1.7554694011655254
9.586466165413533 8.929833099022353 1.7559384804156368
9.62406015037594 8.940929420258069 1.7563383399059744
9.661654135338345 8.951257593290423 1.7566872943736735
9.699248120300751 8.961243416585084 1.7570166155344484
9.736842105263158 8.970385589845987 1.7573199857767081
9.774436090225564 8.978760867207646 1.7575870010681438
9.81203007518797 8.986561697176334 1.7578229238364482
9.849624060150376 8.993780418044782 1.758008428070684
9.887218045112782 9.000639442158052 1.7581935900258938
9.924812030075188 9.007273092906619 1.7584015874183538
9.962406015037594 9.013131110725112 1.7585957458385146
10.0 9.018467129955773 1.7587580068019535
10.037593984962406 9.023210714195873 1.7588729684305744
10.075187969924812 9.0277666214518 1.7589578636340977
10.112781954887218 9.031358332528855 1.7589748825572442
10.150375939849624 9.034440258094492 1.7589458682134784
10.18796992481203 9.03719656298569 1.7589176200732504
10.225563909774436 9.0394558201292 1.7588999985424834
10.26315789473684 9.040700552349465 1.7588888553650488
10.300751879699247 9.04121401826713 1.75887632356169
10.338345864661653 9.041378133704734 1.7588765356692608
10.375939849624059 9.041378133704734 1.7588765356692608
10.413533834586465 9.041378133704734 1.7588765356692608
10.451127819548871 9.041378133704734 1.7588765356692608
10.488721804511277 9.041378133704734 1.7588765356692608
10.526315789473683 9.041378133704734 1.7588765356692608
10.56390977443609 9.041378133704734 1.7588765356692608
10.601503759398495 9.041378133704734 1.7588765356692608
10.639097744360901 9.041378133704734 1.7588765356692608
10.676691729323307 9.041378133704734 1.7588765356692608
10.714285714285714 9.041378133704734 1.7588765356692608
10.75187969924812 9.041378133704734 1.7588765356692608
10.789473684210526 9.041378133704734 1.7588765356692608
10.827067669172932 9.041378133704734 1.7588765356692608
10.864661654135338 9.041378133704734 1.7588765356692608
10.902255639097744 9.041378133704734 1.7588765356692608
10.93984962406015 9.041378133704734 1.7588765356692608
10.977443609022556 9.041378133704734 1.7588765356692608
11.015037593984962 9.041378133704734 1.7588765356692608
11.052631578947368 9.041378133704734 1.7588765356692608
11.090225563909774 9.041378133704734 1.7588765356692608
11.12781954887218 9.041378133704734 1.7588765356692608
11.165413533834586 9.041378133704734 1.7588765356692608
11.203007518796992 9.041378133704734 1.7588765356692608
11.240601503759398 9.041378133704734 1.7588765356692608
11.278195488721805 9.041378133704734 1.7588765356692608
11.31578947368421 9.041378133704734 1.7588765356692608
11.353383458646617 9.041378133704734 1.7588765356692608
11.390977443609023 9.041378133704734 1.7588765356692608
11.428571428571427 9.041378133704734 1.7588765356692608
11.466165413533833 9.041378133704734 1.7588765356692608
11.50375939849624 9.041378133704734 1.7588765356692608
11.541353383458645 9.041378133704734 1.7588765356692608
11.578947368421051 9.041378133704734 1.7588765356692608
11.616541353383457 9.041378133704734 1.7588765356692608
11.654135338345863 9.041378133704734 1.7588765356692608
11.69172932330827 9.041378133704734 1.7588765356692608
11.729323308270676 9.041378133704734 1.7588765356692608
11.766917293233082 9.041378133704734 1.7588765356692608
11.804511278195488 9.041378133704734 1.7588765356692608
11.842105263157894 9.041378133704734 1.7588765356692608
11.8796992481203 9.041378133704734 1.7588765356692608
11.917293233082706 9.041378133704734 1.7588765356692608
11.954887218045112 9.041378133704734 1.7588765356692608
11.992481203007518 9.041378133704734 1.7588765356692608
12.030075187969924 9.041378133704734 1.7588765356692608
12.06766917293233 9.041378133704734 1.7588765356692608
12.105263157894736 9.041378133704734 1.7588765356692608
12.142857142857142 9.041378133704734 1.7588765356692608
12.180451127819548 9.041378133704734 1.7588765356692608
12.218045112781954 9.041378133704734 1.7588765356692608
12.25563909774436 9.041378133704734 1.7588765356692608
12.293233082706767 9.041378133704734 1.7588765356692608
12.330827067669173 9.041378133704734 1.7588765356692608
12.368421052631579 9.041378133704734 1.7588765356692608
12.406015037593985 9.041378133704734 1.7588765356692608
12.443609022556391 9.041378133704734 1.7588765356692608
12.481203007518797 9.041378133704734 1.7588765356692608
12.518796992481203 9.041378133704734 1.7588765356692608
12.556390977443609 9.041378133704734 1.7588765356692608
12.593984962406015 9.041378133704734 1.7588765356692608
12.631578947368421 9.041378133704734 1.7588765356692608
12.669172932330826 9.041378133704734 1.7588765356692608
12.706766917293232 9.041378133704734 1.7588765356692608
12.744360902255638 9.041378133704734 1.7588765356692608
12.781954887218044 9.041378133704734 1.7588765356692608
12.81954887218045 9.041378133704734 1.7588765356692608
12.857142857142856 9.041378133704734 1.7588765356692608
12.894736842105262 9.041378133704734 1.7588765356692608
12.932330827067668 9.041378133704734 1.7588765356692608
12.969924812030074 9.041378133704734 1.7588765356692608
13.00751879699248 9.041378133704734 1.7588765356692608
13.045112781954886 9.041378133704734 1.7588765356692608
13.082706766917292 9.041378133704734 1.7588765356692608
13.120300751879698 9.041378133704734 1.7588765356692608
13.157894736842104 9.041378133704734 1.7588765356692608
13.19548872180451 9.041378133704734 1.7588765356692608
13.233082706766917 9.041378133704734 1.7588765356692608
13.270676691729323 9.041378133704734 1.7588765356692608
13.308270676691729 9.041378133704734 1.7588765356692608
13.345864661654135 9.041378133704734 1.7588765356692608
13.38345864661654 9.041378133704734 1.7588765356692608
13.421052631578947 9.041378133704734 1.7588765356692608
13.458646616541353 9.041378133704734 1.7588765356692608
13.496240601503759 9.041378133704734 1.7588765356692608
13.533834586466165 9.041378133704734 1.7588765356692608
13.571428571428571 9.041378133704734 1.7588765356692608
13.609022556390977 9.041378133704734 1.7588765356692608
13.646616541353383 9.041378133704734 1.7588765356692608
13.68421052631579 9.041378133704734 1.7588765356692608
13.721804511278195 9.041378133704734 1.7588765356692608
13.759398496240602 9.041378133704734 1.7588765356692608
13.796992481203008 9.041378133704734 1.7588765356692608
13.834586466165412 9.041378133704734 1.7588765356692608
13.872180451127818 9.041378133704734 1.7588765356692608
13.909774436090224 9.041378133704734 1.7588765356692608
13.94736842105263 9.041378133704734 1.7588765356692608
13.984962406015036 9.041378133704734 1.7588765356692608
14.022556390977442 9.041378133704734 1.7588765356692608
14.060150375939848 9.041378133704734 1.7588765356692608
14.097744360902254 9.041378133704734 1.7588765356692608
14.13533834586466 9.041378133704734 1.7588765356692608
14.172932330827066 9.041378133704734 1.7588765356692608
14.210526315789473 9.041378133704734 1.7588765356692608
14.248120300751879 9.041378133704734 1.7588765356692608
14.285714285714285 9.041378133704734 1.7588765356692608
14.32330827067669 9.041378133704734 1.7588765356692608
14.360902255639097 9.041378133704734 1.7588765356692608
14.398496240601503 9.041378133704734 1.7588765356692608
14.436090225563909 9.041378133704734 1.7588765356692608
14.473684210526315 9.041378133704734 1.7588765356692608
14.511278195488721 9.041378133704734 1.7588765356692608
14.548872180451127 9.041378133704734 1.7588765356692608
14.586466165413533 9.041378133704734 1.7588765356692608
14.62406015037594 9.041378133704734 1.7588765356692608
14.661654135338345 9.041378133704734 1.7588765356692608
14.699248120300751 9.041378133704734 1.7588765356692608
14.736842105263158 9.041378133704734 1.7588765356692608
14.774436090225564 9.041378133704734 1.7588765356692608
14.81203007518797 9.041378133704734 1.7588765356692608
14.849624060150376 9.041378133704734 1.7588765356692608
14.887218045112782 9.041378133704734 1.7588765356692608
14.924812030075188 9.041378133704734 1.7588765356692608
14.962406015037594 9.041378133704734 1.7588765356692608
15.0 9.041378133704734 1.7588765356692608
