0.0 0.932482
0.1 0.992126
0.2 1.07131
0.3 1.14995
0.4 1.22917
0.5 1.31269
0.6 1.40949
0.7 1.51657
0.8 1.63119
0.9 1.75937
1.0 1.87787
1.1 1.9971
1.2 2.09555
1.3 2.19012
1.4 2.28818
1.5 2.38462
1.6 2.47318
1.7 2.55829
1.8 2.63303
1.9 2.7032
2.0 2.77352
2.1 2.85281
2.2 2.93106
2.3 2.99328
2.4 3.05293
2.5 3.1102
2.6 3.16161
2.7 3.22115
2.8 3.2857
2.9 3.33767
3.0 3.39023
3.1 3.45859
3.2 3.51929
3.3 3.57241
3.4 3.61342
3.5 3.6592
3.6 3.73287
3.7 3.77312
3.8 3.82422
3.9 3.86946
4.0 3.92304
4.1 3.96304
4.2 4.02228
4.3 4.07921
4.4 4.12608
4.5 4.16896
4.6 4.21845
4.7 4.25535
4.8 4.31406
4.9 4.35645
5.0 4.42174
5.1 4.47068
5.2 4.50647
5.3 4.55195
5.4 4.5797
5.5 4.61281
5.6 4.66091
5.7 4.69555
5.8 4.72532
5.9 4.75441
6.0 4.78473
6.1 4.82397
6.2 4.8634
6.3 4.91037
6.4 4.92828
6.5 4.95764
6.6 4.97895
6.7 5.01067
6.8 5.04108
6.9 5.06699
7.0 5.08377
7.1 5.10914
7.2 5.13177
7.3 5.15256
7.4 5.18151
7.5 5.18785
7.6 5.21383
7.7 5.22351
7.8 5.24591
7.9 5.24879
8.0 5.26046
8.1 5.26046
8.2 5.26046
8.3 5.26046
8.4 5.26046
8.5 5.26046
8.6 5.26046
8.7 5.26046
8.8 5.26046
8.9 5.26046
9.0 5.26046
9.1 5.26046
9.2 5.26046
9.3 5.26046
9.4 5.26046
9.5 5.26046
9.6 5.26046
9.7 5.26046
9.8 5.26046
9.9 5.26046
10.0 5.26046
10.1 5.26046
10.2 5.26046
10.3 5.26046
10.4 5.26046
10.5 5.26046
10.6 5.26046
10.7 5.26046
10.8 5.26046
10.9 5.26046
11.0 5.26046
11.1 5.26046
11.2 5.26046
11.3 5.26046
11.4 5.26046
11.5 5.26046
11.6 5.26046
11.7 5.26046
11.8 5.26046
11.9 5.26046
12.0 5.26046
12.1 5.26046
12.2 5.26046
12.3 5.26046
12.4 5.26046
12.5 5.26046
12.6 5.26046
12.7 5.26046
12.8 5.26046
12.9 5.26046
13.0 5.26046
13.1 5.26046
13.2 5.26046
13.3 5.26046
13.4 5.26046
13.5 5.26046
13.6 5.26046
13.7 5.26046
13.8 5.26046
13.9 5.26046
14.0 5.26046
14.1 5.26046
14.2 5.26046
14.3 5.26046
14.4 5.26046
14.5 5.26046
14.6 5.26046
14.7 5.26046
14.8 5.26046
14.9 5.26046
15.0 5.26046
