0.0 1.53557
0.520039 1.53557
1.04008 1.78789
1.56012 2.04022
2.08015 2.29254
2.60019 2.54487
3.12023 2.79719
3.59744 2.79719
4.07464 2.85568
4.55184 2.91417
5.02905 2.97266
5.50625 3.03115
5.98345 3.08963
6.46066 3.14812
6.93786 3.20661
7.43995 3.20661
7.94205 3.2175
8.44414 3.22839
8.94624 3.23929
9.44833 3.25018
9.95043 3.26107
10.4525 3.27197
10.9546 3.28286
11.4567 3.29375
11.9588 3.30465
12.4609 3.31554
12.963 3.32643
13.4651 3.33732
13.9672 3.34822
14.4693 3.35911
14.9714 3.37
15.4735 3.3809
15.9756 3.39179
16.4777 3.40268
16.9798 3.41358
17.4818 3.42447
17.9819 3.42447
18.4819 3.47218
18.9819 3.51988
19.4819 3.56759
19.9819 3.61529
20.482 3.663
20.982 3.71071
21.482 3.75841
21.982 3.80612
22.482 3.85382
22.9821 3.90153
23.4821 3.94924
23.9821 3.99694
24.4821 4.04465
24.9676 4.04465
25.4531 4.04465
25.9386 4.04465
26.4241 4.04465
26.9096 4.04465
27.3951 4.04465
27.8805 4.04465
28.366 4.04465
28.8515 4.04465
31.4951 4.38024
34.1386 4.38024
36.7822 4.38024
39.4258 4.38024
42.0693 4.38024
44.7129 4.38024
47.3564 4.38024
50.0 4.38024
0.0 1.723
0.472398 1.723
0.944796 1.9233
1.41719 2.12361
1.88959 2.32391
2.36199 2.52421
2.83439 2.72451
3.30912 2.72451
3.78385 2.783
4.25858 2.84149
4.73332 2.89998
5.20805 2.95847
5.68278 3.01695
6.15751 3.07544
6.63225 3.13393
7.12663 3.13393
7.62102 3.14943
8.1154 3.16493
8.60979 3.18043
9.10418 3.19592
9.59856 3.21142
10.0929 3.22692
10.5873 3.24242
11.0817 3.25792
11.5761 3.27341
12.0705 3.28891
12.5649 3.30441
13.0593 3.31991
13.5537 3.33541
14.048 3.3509
14.5424 3.3664
15.0368 3.3819
15.5312 3.3974
16.0256 3.4129
16.52 3.42839
17.0144 3.44389
17.5078 3.44389
18.0012 3.48551
18.4947 3.52714
18.9881 3.56876
19.4815 3.61038
19.975 3.652
20.4684 3.69363
20.9619 3.73525
21.4553 3.77687
21.9487 3.8185
22.4422 3.86012
22.9356 3.90174
23.429 3.94336
23.9225 3.98499
24.384 3.98499
24.8456 3.98499
25.3071 3.98499
25.7687 3.98499
26.2302 3.98499
28.6072 4.46436
30.9842 4.46436
33.3611 4.46436
35.7381 4.46436
38.1151 4.46436
40.4921 4.46436
42.8691 4.46436
45.246 4.46436
47.623 4.46436
50.0 4.46436
0.0 1.87724
0.534061 1.87724
1.06812 2.05647
1.60218 2.2357
2.13624 2.41494
2.6703 2.59417
3.20437 2.77341
3.73843 2.95264
4.23001 2.95264
4.7216 2.97401
5.21319 2.99537
5.70478 3.01674
6.19637 3.0381
6.69391 3.0381
7.19146 3.06447
7.689 3.09083
8.18654 3.1172
8.68409 3.14356
9.18163 3.16993
9.67918 3.19629
10.1767 3.22266
10.6743 3.24902
11.1718 3.27539
11.6694 3.30175
12.1669 3.32812
12.6644 3.35448
13.162 3.38085
13.6595 3.40721
14.1571 3.43358
14.6514 3.43358
15.1457 3.46436
15.64 3.49515
16.1343 3.52593
16.6286 3.55671
17.1229 3.5875
17.6171 3.61828
18.1114 3.64907
18.6057 3.67985
19.1 3.71063
19.5943 3.74142
20.0886 3.7722
20.5829 3.80298
21.0772 3.83377
21.5715 3.86455
22.0658 3.89533
22.5601 3.92612
23.0544 3.9569
23.5487 3.98769
24.043 4.01847
24.5373 4.04925
25.0316 4.08004
25.5259 4.11082
25.9697 4.11082
28.3727 4.42001
30.7757 4.42001
33.1788 4.42001
35.5818 4.42001
37.9848 4.42001
40.3879 4.42001
42.7909 4.42001
45.1939 4.42001
47.597 4.42001
50.0 4.42001
0.0 1.98911
0.509392 1.98911
1.01878 2.09687
1.52818 2.20463
2.03757 2.31238
2.54696 2.42014
3.05635 2.52789
3.56574 2.63565
4.07514 2.7434
4.58453 2.85116
5.09392 2.95892
5.60331 3.06667
6.10216 3.06667
6.60102 3.07018
7.09987 3.07369
7.59872 3.0772
8.09757 3.08071
8.59642 3.08423
9.09527 3.08774
9.59413 3.09125
10.093 3.09476
10.5918 3.09827
11.0907 3.10178
11.5895 3.10529
12.0884 3.1088
12.5872 3.11231
13.0861 3.11582
13.5975 3.11582
14.1089 3.14558
14.6203 3.17533
15.1317 3.20509
15.6431 3.23485
16.1544 3.2646
16.6658 3.29436
17.1772 3.32411
17.6886 3.35387
18.2 3.38363
18.7114 3.41338
19.2263 3.41338
19.7412 3.47067
20.2561 3.52795
20.771 3.58524
21.2859 3.64252
21.8008 3.69981
22.3157 3.75709
22.8306 3.81438
23.3455 3.87166
23.8604 3.92895
24.3753 3.98624
24.8902 4.04352
25.4051 4.10081
25.8824 4.10081
26.3598 4.10081
26.8371 4.10081
27.3144 4.10081
27.7917 4.10081
28.2691 4.10081
28.7464 4.10081
29.2237 4.10081
31.8207 4.38464
34.4178 4.38464
37.0148 4.38464
39.6119 4.38464
42.2089 4.38464
44.8059 4.38464
47.403 4.38464
50.0 4.38464
0.0 1.82292
0.499673 1.82292
0.999346 1.9452
1.49902 2.06748
1.99869 2.18976
2.49837 2.31204
2.99804 2.43432
3.49771 2.5566
3.99738 2.67888
4.49706 2.80116
4.99673 2.92344
5.4964 3.04572
5.99509 3.04572
6.49378 3.07226
6.99247 3.0988
7.49116 3.12534
7.98985 3.15188
8.48854 3.17843
8.98723 3.20497
9.48592 3.23151
9.98461 3.25805
10.4833 3.28459
10.982 3.31113
11.4689 3.31113
11.9559 3.3277
12.4428 3.34428
12.9297 3.36085
13.4167 3.37742
13.9036 3.394
14.3905 3.41057
14.8775 3.42714
15.3644 3.44371
15.8514 3.46029
16.3383 3.47686
16.8252 3.49343
17.3122 3.51
17.7991 3.52658
18.286 3.54315
18.773 3.55972
19.2599 3.5763
19.7468 3.59287
20.2338 3.60944
20.7264 3.60944
21.219 3.66355
21.7117 3.71766
22.2043 3.77177
22.6969 3.82589
23.1896 3.88
23.6822 3.93411
24.1748 3.98822
24.6675 4.04233
25.2008 4.04233
25.7341 4.04233
28.1607 4.41161
30.5873 4.41161
33.0139 4.41161
35.4405 4.41161
37.8671 4.41161
40.2936 4.41161
42.7202 4.41161
45.1468 4.41161
47.5734 4.41161
50.0 4.41161
0.0 1.74035
0.50719 1.74035
1.01438 1.88346
1.52157 2.02657
2.02876 2.16969
2.53595 2.3128
3.04314 2.45591
3.55033 2.59902
4.05752 2.74213
4.56471 2.88524
5.0719 3.02836
5.57909 3.17147
6.07161 3.17147
6.56412 3.17211
7.05664 3.17276
7.54916 3.1734
8.04167 3.17405
8.53419 3.17469
9.0267 3.17533
9.51922 3.17598
10.0117 3.17662
10.5043 3.17727
10.9968 3.17791
11.4893 3.17856
11.9818 3.1792
12.4743 3.17985
12.9668 3.18049
13.4593 3.18113
13.9519 3.18178
14.4444 3.18242
14.9369 3.18307
15.4294 3.18371
15.9219 3.18436
16.4144 3.185
16.9027 3.185
17.3909 3.22796
17.8791 3.27091
18.3673 3.31387
18.8555 3.35682
19.3437 3.39978
19.8319 3.44273
20.3201 3.48569
20.8084 3.52865
21.2966 3.5716
21.7848 3.61456
22.273 3.65751
22.7612 3.70047
23.2594 3.70047
23.7576 3.79846
24.2559 3.89644
24.7541 3.99443
25.2523 4.09242
25.7505 4.19041
26.2487 4.28839
26.7535 4.28839
27.2584 4.28839
27.7632 4.28839
28.268 4.28839
28.7728 4.28839
29.2776 4.28839
29.7825 4.28839
30.2873 4.28839
30.7921 4.28839
31.2969 4.28839
31.8018 4.28839
32.3066 4.28839
32.8114 4.28839
33.3162 4.28839
33.821 4.28839
34.3259 4.28839
34.8307 4.28839
35.3355 4.28839
35.8403 4.28839
36.3452 4.28839
36.85 4.28839
37.3548 4.28839
37.8596 4.28839
38.3645 4.28839
38.8693 4.28839
39.3741 4.28839
39.8789 4.28839
40.3837 4.28839
40.8886 4.28839
41.3934 4.28839
41.8982 4.28839
42.403 4.28839
44.9354 4.36218
47.4677 4.36218
50.0 4.36218
0.0 2.15908
0.492885 2.15908
0.985769 2.23814
1.47865 2.31719
1.97154 2.39624
2.46442 2.4753
2.95731 2.55435
3.45019 2.6334
3.94308 2.71246
4.43596 2.79151
4.92885 2.87056
5.42173 2.94962
5.91462 3.02867
6.42086 3.02867
6.9271 3.05287
7.43334 3.07707
7.93958 3.10127
8.44582 3.12547
8.95206 3.14967
9.4583 3.17387
9.96454 3.19807
10.4708 3.22227
10.977 3.24647
11.4833 3.27067
11.9895 3.29487
12.4957 3.31907
13.002 3.34327
13.5082 3.36747
14.0145 3.39167
14.5207 3.41587
15.0269 3.44007
15.5332 3.46427
16.0394 3.48847
16.5416 3.48847
17.0437 3.50944
17.5458 3.53041
18.048 3.55138
18.5501 3.57235
19.0522 3.59332
19.5544 3.6143
20.0565 3.63527
20.5587 3.65624
21.0608 3.67721
21.5629 3.69818
22.0651 3.71915
22.5672 3.74012
23.0676 3.74012
23.568 3.85964
24.0683 3.97915
24.5687 4.09867
25.0691 4.21818
25.5695 4.3377
26.0744 4.3377
26.5793 4.3377
27.0842 4.3377
27.5891 4.3377
28.094 4.3377
28.5989 4.3377
29.1038 4.3377
29.6087 4.3377
30.1136 4.3377
30.6185 4.3377
31.1234 4.3377
31.6283 4.3377
32.1332 4.3377
32.6381 4.3377
33.143 4.3377
33.6479 4.3377
34.1528 4.3377
34.6577 4.3377
35.1626 4.3377
35.6675 4.3377
36.1724 4.3377
36.6773 4.3377
37.1822 4.3377
39.7458 4.39093
42.3093 4.39093
44.8729 4.39093
47.4364 4.39093
50.0 4.39093
0.0 1.89362
0.483174 1.89362
0.966348 2.0251
1.44952 2.15659
1.9327 2.28807
2.41587 2.41955
2.89904 2.55104
3.38222 2.68252
3.86539 2.814
4.34857 2.94548
4.83174 3.07697
5.33918 3.07697
5.84661 3.09003
6.35405 3.10309
6.86149 3.11615
7.36893 3.12921
7.87636 3.14227
8.3838 3.15533
8.89124 3.16839
9.39867 3.18145
9.90611 3.19451
10.4135 3.20756
10.921 3.22062
11.4284 3.23368
11.9359 3.24674
12.4433 3.2598
12.9507 3.27286
13.4582 3.28592
13.9656 3.29898
14.473 3.31204
14.9805 3.3251
15.4879 3.33816
16.0152 3.33816
16.5424 3.37768
17.0697 3.41719
17.5969 3.45671
18.1242 3.49622
18.6514 3.53574
19.1787 3.57526
19.706 3.61477
20.2048 3.61477
20.7037 3.69648
21.2025 3.77819
21.7014 3.85989
22.1973 3.85989
22.6932 3.85989
23.1891 3.85989
23.6851 3.85989
24.181 3.85989
24.6769 3.85989
27.2092 4.39419
29.7415 4.39419
32.2738 4.39419
34.8061 4.39419
37.3384 4.39419
39.8708 4.39419
42.4031 4.39419
44.9354 4.39419
47.4677 4.39419
50.0 4.39419
0.0 1.73104
0.511177 1.73104
1.02235 1.89881
1.53353 2.06659
2.04471 2.23436
2.55588 2.40213
3.06706 2.5699
3.57824 2.73768
4.08941 2.90545
4.57781 2.90545
5.0662 2.90857
5.5546 2.9117
6.04299 2.91482
6.53138 2.91794
7.01978 2.92106
7.50817 2.92419
8.00287 2.92419
8.49758 2.95768
8.99228 2.99117
9.48698 3.02467
9.98169 3.05816
10.4764 3.09165
10.9711 3.12514
11.4658 3.15864
11.9605 3.19213
12.4552 3.22562
12.9499 3.25911
13.4446 3.29261
13.9393 3.3261
14.434 3.35959
14.9287 3.39309
15.4229 3.39309
15.9171 3.43256
16.4114 3.47203
16.9056 3.51151
17.3998 3.55098
17.894 3.59045
18.3882 3.62993
18.8824 3.6694
19.3766 3.70887
19.8708 3.74835
20.365 3.78782
20.8592 3.82729
21.3534 3.86677
21.8266 3.86677
22.2997 3.86677
22.7728 3.86677
23.2459 3.86677
23.719 3.86677
24.1922 3.86677
26.773 4.30102
29.3537 4.30102
31.9345 4.30102
34.5153 4.30102
37.0961 4.30102
39.6769 4.30102
42.2577 4.30102
44.8384 4.30102
47.4192 4.30102
50.0 4.30102
0.0 1.6367
0.464662 1.6367
0.929324 1.83073
1.39399 2.02475
1.85865 2.21878
2.32331 2.41281
2.78797 2.60683
3.25263 2.80086
3.73687 2.80086
4.22111 2.83401
4.70535 2.86716
5.18959 2.90031
5.67382 2.93347
6.15806 2.96662
6.6423 2.99977
7.12654 3.03292
7.61078 3.06608
8.09501 3.09923
8.57925 3.13238
9.06349 3.16553
9.57796 3.16553
10.0924 3.19056
10.6069 3.21558
11.1214 3.2406
11.6358 3.26563
12.1503 3.29065
12.6648 3.31567
13.1792 3.3407
13.6937 3.36572
14.2082 3.39075
14.7226 3.41577
15.2371 3.44079
15.7516 3.46582
16.2661 3.49084
16.7495 3.49084
17.233 3.53349
17.7165 3.57613
18.2 3.61878
18.6835 3.66142
19.167 3.70407
19.6504 3.74671
20.1339 3.78936
20.6174 3.832
21.1009 3.87465
21.5844 3.91729
22.0679 3.95994
22.5513 4.00258
23.0518 4.00258
23.5523 4.00258
24.0528 4.00258
24.5532 4.00258
25.0537 4.00258
25.5542 4.00258
26.0547 4.00258
26.5551 4.00258
27.0556 4.00258
27.5561 4.00258
28.0565 4.00258
28.557 4.00258
30.9396 4.28173
33.3221 4.28173
35.7047 4.28173
38.0872 4.28173
40.4698 4.28173
42.8523 4.28173
45.2349 4.28173
47.6174 4.28173
50.0 4.28173
0.0 1.71498
0.497141 1.71498
0.994281 1.92544
1.49142 2.1359
1.98856 2.34636
2.4857 2.55683
2.98284 2.76729
3.48846 2.76729
3.99409 2.79525
4.49971 2.82322
5.00533 2.85119
5.51095 2.87916
6.01657 2.90712
6.52219 2.93509
7.01806 2.93509
7.51392 2.97781
8.00979 3.02053
8.50565 3.06325
9.00152 3.10597
9.49739 3.14869
9.99325 3.19142
10.4891 3.23414
10.985 3.27686
11.4809 3.31958
11.9767 3.3623
12.4726 3.40502
12.9685 3.44774
13.4643 3.49046
13.9602 3.53318
14.456 3.5759
14.9668 3.5759
15.4775 3.59145
15.9882 3.60699
16.4989 3.62254
17.0096 3.63809
17.5203 3.65363
18.0311 3.66918
18.5418 3.68472
19.0525 3.70027
19.5632 3.71581
20.0739 3.73136
20.5846 3.74691
21.0953 3.76245
21.6061 3.778
22.1168 3.79354
22.6446 3.79354
23.1724 3.79354
23.7002 3.79354
24.228 3.79354
24.7558 3.79354
27.2802 4.26319
29.8046 4.26319
32.3291 4.26319
34.8535 4.26319
37.3779 4.26319
39.9023 4.26319
42.4267 4.26319
44.9512 4.26319
47.4756 4.26319
50.0 4.26319
0.0 1.61636
0.483692 1.61636
0.967384 1.80845
1.45108 2.00055
1.93477 2.19264
2.41846 2.38473
2.90215 2.57682
3.38585 2.76891
3.86954 2.961
4.38234 2.961
4.89514 2.96722
5.40794 2.97344
5.92074 2.97966
6.43354 2.98588
6.94635 2.9921
7.45915 2.99833
7.97195 3.00455
8.48475 3.01077
8.99755 3.01699
9.51035 3.02321
10.0232 3.02943
10.536 3.03565
11.0488 3.04187
11.5616 3.0481
12.0744 3.05432
12.5752 3.05432
13.0761 3.10962
13.5769 3.16491
14.0778 3.22021
14.5786 3.27551
15.0795 3.33081
15.5803 3.38611
16.0812 3.44141
16.582 3.4967
17.0829 3.552
17.5837 3.6073
18.0846 3.6626
18.5579 3.6626
19.0311 3.69377
19.5044 3.72495
19.9777 3.75612
20.451 3.78729
20.9243 3.81847
21.3975 3.84964
21.8708 3.88081
22.3214 3.88081
22.7721 3.88081
23.2227 3.88081
23.6733 3.88081
24.124 3.88081
26.7116 4.25083
29.2992 4.25083
31.8868 4.25083
34.4744 4.25083
37.062 4.25083
39.6496 4.25083
42.2372 4.25083
44.8248 4.25083
47.4124 4.25083
50.0 4.25083
0.0 2.09037
0.493155 2.09037
0.98631 2.17283
1.47946 2.25529
1.97262 2.33775
2.46577 2.42022
2.95893 2.50268
3.45208 2.58514
3.94524 2.6676
4.43839 2.75006
4.93155 2.83252
5.4247 2.91498
5.91786 2.99744
6.41101 3.0799
6.90417 3.16236
7.39732 3.24482
7.89155 3.24482
8.38577 3.26374
8.88 3.28266
9.37422 3.30158
9.86845 3.3205
10.3627 3.33942
10.8569 3.35834
11.3511 3.37726
11.8453 3.39618
12.3396 3.4151
12.8338 3.43402
13.328 3.45294
13.8222 3.47186
14.3165 3.49077
14.8107 3.50969
15.3049 3.52861
15.7992 3.54753
16.2934 3.56645
16.7876 3.58537
17.2818 3.60429
17.7761 3.62321
18.2703 3.64213
18.7645 3.66105
19.2587 3.67997
19.753 3.69889
20.2472 3.71781
20.7414 3.73673
21.2356 3.75565
21.7299 3.77457
22.2241 3.79349
22.7183 3.8124
23.2125 3.83132
23.7068 3.85024
24.201 3.86916
24.6952 3.88808
25.1894 3.907
25.6837 3.92592
26.1779 3.94484
26.6721 3.96376
27.1585 3.96376
27.6448 3.97892
28.1312 3.99409
28.6175 4.00925
29.1039 4.02442
29.5902 4.03958
30.0766 4.05475
30.5629 4.06991
31.0493 4.08508
31.5357 4.10024
32.022 4.11541
32.5084 4.13057
32.9947 4.14573
33.4985 4.14573
34.0023 4.15476
34.5061 4.16379
35.0099 4.17282
35.5137 4.18185
36.0175 4.19088
36.5213 4.19991
37.0252 4.20894
37.529 4.21797
38.0328 4.227
38.5366 4.23603
39.0354 4.23603
39.5341 4.23603
40.0329 4.23603
40.5317 4.23603
41.0305 4.23603
41.5293 4.23603
42.0281 4.23603
42.5269 4.23603
45.0179 4.5018
47.509 4.5018
50.0 4.5018
0.0 1.84822
0.473702 1.84822
0.947403 1.98344
1.4211 2.11866
1.89481 2.25389
2.36851 2.38911
2.84221 2.52434
3.31591 2.65956
3.78961 2.79478
4.26331 2.93001
4.75659 2.93001
5.24987 2.94958
5.74315 2.96915
6.23642 2.98872
6.7297 3.00829
7.22298 3.02786
7.71626 3.04743
8.20953 3.067
8.70281 3.08657
9.19609 3.10614
9.68936 3.12571
10.1826 3.14528
10.6759 3.16485
11.1692 3.18442
11.6625 3.20399
12.1558 3.22356
12.649 3.24313
13.1423 3.2627
13.6356 3.28227
14.1289 3.30184
14.6221 3.32141
15.1154 3.34098
15.6087 3.36055
16.102 3.38012
16.5952 3.39969
17.0942 3.39969
17.5931 3.43754
18.0921 3.47539
18.591 3.51325
19.09 3.5511
19.5889 3.58896
20.0879 3.62681
20.5868 3.66466
21.0858 3.70252
21.5847 3.74037
22.0837 3.77823
22.5826 3.81608
23.0816 3.85393
23.5805 3.89179
24.0795 3.92964
24.5784 3.9675
25.0774 4.00535
25.5763 4.0432
26.0753 4.08106
26.5816 4.08106
27.0879 4.0875
27.5943 4.09395
28.1006 4.10039
28.607 4.10684
29.1133 4.11328
29.6197 4.11973
30.126 4.12617
30.6323 4.13262
31.1387 4.13907
31.645 4.14551
32.1514 4.15196
32.6577 4.1584
33.1641 4.16485
33.6805 4.16485
34.1969 4.16485
34.7133 4.16485
35.2297 4.16485
35.7462 4.16485
36.2626 4.16485
36.779 4.16485
37.2954 4.16485
37.8118 4.16485
38.3283 4.16485
38.8447 4.16485
39.3611 4.16485
42.0208 4.46357
44.6806 4.46357
47.3403 4.46357
50.0 4.46357
0.0 1.86102
0.530776 1.86102
1.06155 2.00558
1.59233 2.15013
2.12311 2.29468
2.65388 2.43924
3.18466 2.58379
3.71544 2.72834
4.24621 2.8729
4.7401 2.8729
5.23398 2.90392
5.72786 2.93494
6.22174 2.96596
6.71563 2.99698
7.20951 3.02799
7.70339 3.05901
8.19728 3.09003
8.69116 3.12105
9.18504 3.15207
9.67893 3.18309
10.1728 3.21411
10.6667 3.24513
11.1606 3.27615
11.6545 3.30717
12.1483 3.33819
12.6562 3.33819
13.1641 3.36554
13.6719 3.39288
14.1798 3.42023
14.6877 3.44758
15.1956 3.47492
15.7034 3.50227
16.2113 3.52962
16.7192 3.55696
17.227 3.58431
17.7349 3.61166
18.2428 3.639
18.7506 3.66635
19.2585 3.6937
19.7664 3.72104
20.2743 3.74839
20.7821 3.77573
21.29 3.80308
21.7979 3.83043
22.3057 3.85777
22.8136 3.88512
23.3215 3.91247
23.8293 3.93981
24.3372 3.96716
24.8451 3.99451
25.353 4.02185
25.8608 4.0492
26.3687 4.07655
26.8766 4.10389
27.3844 4.13124
27.8852 4.13124
28.386 4.13758
28.8868 4.14392
29.3875 4.15027
29.8883 4.15661
30.3891 4.16295
30.8898 4.16929
31.3906 4.17564
31.8914 4.18198
32.3922 4.18832
32.8929 4.19466
33.3937 4.20101
33.8945 4.20735
34.3953 4.21369
34.896 4.22003
35.3968 4.22638
35.8976 4.23272
36.3984 4.23906
36.8991 4.24541
37.3999 4.25175
37.9097 4.25175
38.4195 4.25175
38.9293 4.25175
39.4391 4.25175
42.0793 4.44368
44.7195 4.44368
47.3598 4.44368
50.0 4.44368
0.0 1.87193
0.511545 1.87193
1.02309 2.01715
1.53463 2.16237
2.04618 2.30759
2.55772 2.45281
3.06927 2.59803
3.58081 2.74325
4.09236 2.88847
4.57943 2.88847
5.06649 2.92079
5.55356 2.95311
6.04063 2.98542
6.52769 3.01774
7.01476 3.05006
7.50182 3.08237
7.98889 3.11469
8.47596 3.14701
8.96302 3.17932
9.45009 3.21164
9.93716 3.24396
10.4242 3.27627
10.9113 3.30859
11.3984 3.34091
11.8968 3.34091
12.3952 3.37156
12.8936 3.40222
13.3921 3.43287
13.8905 3.46353
14.3889 3.49419
14.8874 3.52484
15.3858 3.5555
15.8842 3.58616
16.3827 3.61681
16.8811 3.64747
17.3795 3.67812
17.8779 3.70878
18.3764 3.73944
18.8748 3.77009
19.3732 3.80075
19.8717 3.83141
20.3701 3.86206
20.8685 3.89272
21.3669 3.92337
21.8654 3.95403
22.3638 3.98469
22.8622 4.01534
23.3607 4.046
23.8591 4.07666
24.3575 4.10731
24.856 4.13797
25.3544 4.16863
25.8528 4.19928
26.3543 4.19928
26.8557 4.20575
27.3571 4.21222
27.8586 4.21869
28.36 4.22516
28.8615 4.23163
29.3629 4.2381
29.8644 4.24457
30.3658 4.25104
30.8673 4.25751
31.3687 4.26399
31.8701 4.27046
32.3716 4.27693
32.873 4.2834
33.3745 4.28987
33.8759 4.29634
34.3774 4.30281
34.8788 4.30928
35.3842 4.30928
35.8895 4.30928
36.3949 4.30928
36.9002 4.30928
37.4056 4.30928
37.9109 4.30928
38.4163 4.30928
40.733 4.38849
43.0498 4.38849
45.3665 4.38849
47.6833 4.38849
50.0 4.38849
0.0 1.87862
0.471508 1.87862
0.943016 2.01957
1.41452 2.16051
1.88603 2.30146
2.35754 2.4424
2.82905 2.58334
3.30056 2.72429
3.77206 2.86523
4.27816 2.86523
4.78426 2.89106
5.29036 2.91689
5.79646 2.94272
6.30256 2.96856
6.80866 2.99439
7.31476 3.02022
7.82086 3.04605
8.32696 3.07188
8.83306 3.09772
9.33916 3.12355
9.84526 3.14938
10.3514 3.17521
10.8575 3.20104
11.3636 3.22688
11.8697 3.25271
12.3758 3.27854
12.8819 3.30437
13.388 3.3302
13.8941 3.35604
14.4002 3.38187
14.8947 3.38187
15.3892 3.4168
15.8837 3.45172
16.3782 3.48665
16.8727 3.52158
17.3672 3.55651
17.8617 3.59143
18.3562 3.62636
18.8507 3.66129
19.3452 3.69621
19.8397 3.73114
20.3342 3.76607
20.8287 3.801
21.3232 3.83592
21.8177 3.87085
22.3122 3.90578
22.8067 3.94071
23.3012 3.97563
23.7957 4.01056
24.2902 4.04549
24.7847 4.08042
25.2792 4.11534
25.7737 4.15027
26.2682 4.1852
26.7627 4.22013
27.2572 4.25505
27.7658 4.25505
28.2743 4.25536
28.7829 4.25567
29.2914 4.25598
29.7999 4.25629
30.3085 4.2566
30.817 4.25691
31.3256 4.25722
31.8341 4.25753
32.3427 4.25784
32.8512 4.25815
33.3598 4.25846
33.8739 4.25846
34.388 4.25846
34.9021 4.25846
35.4163 4.25846
35.9304 4.25846
36.4445 4.25846
36.9587 4.25846
37.4728 4.25846
37.9869 4.25846
38.501 4.25846
40.8008 4.43475
43.1006 4.43475
45.4004 4.43475
47.7002 4.43475
50.0 4.43475
0.0 1.81563
0.520631 1.81563
1.04126 1.99222
1.56189 2.16881
2.08252 2.3454
2.60316 2.52199
3.12379 2.69858
3.64442 2.87518
4.14242 2.87518
4.64042 2.89879
5.13842 2.9224
5.63643 2.94601
6.13443 2.96963
6.63243 2.99324
7.13043 3.01685
7.62844 3.04047
8.12644 3.06408
8.62444 3.08769
9.12244 3.11131
9.62044 3.13492
10.1184 3.15853
10.6164 3.18215
11.1145 3.20576
11.6125 3.22937
12.1105 3.25299
12.6085 3.2766
13.1065 3.30021
13.6045 3.32383
14.1025 3.34744
14.6005 3.37105
15.0985 3.39467
15.6045 3.39467
16.1106 3.43111
16.6167 3.46756
17.1227 3.50401
17.6288 3.54045
18.1349 3.5769
18.6409 3.61335
19.147 3.64979
19.653 3.68624
20.1591 3.72269
20.6652 3.75913
21.1712 3.79558
21.6773 3.83203
22.1834 3.86847
22.6894 3.90492
23.1955 3.94137
23.7016 3.97781
24.2076 4.01426
24.7137 4.05071
25.2198 4.08716
25.7258 4.1236
26.2319 4.16005
26.7379 4.1965
27.244 4.23294
27.7255 4.23294
28.207 4.23708
28.6885 4.24121
29.17 4.24535
29.6515 4.24948
30.1329 4.25361
30.6144 4.25775
31.0959 4.26188
31.5774 4.26602
32.0589 4.27015
32.5404 4.27428
33.0219 4.27842
33.5034 4.28255
33.9936 4.28255
34.4838 4.28255
34.974 4.28255
35.4642 4.28255
35.9544 4.28255
36.4446 4.28255
36.9348 4.28255
37.425 4.28255
37.9152 4.28255
38.4054 4.28255
38.8956 4.28255
41.6717 4.431
44.4478 4.431
47.2239 4.431
50.0 4.431
0.0 1.76476
0.472638 1.76476
0.945276 1.92238
1.41791 2.08
1.89055 2.23762
2.36319 2.39524
2.83583 2.55287
3.30847 2.71049
3.7811 2.86811
4.29092 2.86811
4.80074 2.89043
5.31056 2.91276
5.82038 2.93508
6.3302 2.9574
6.84002 2.97973
7.34984 3.00205
7.85967 3.02437
8.36949 3.0467
8.87931 3.06902
9.38913 3.09134
9.89895 3.11367
10.4088 3.13599
10.9186 3.15831
11.4284 3.18064
11.9382 3.20296
12.448 3.22528
12.9579 3.24761
13.4677 3.26993
13.9775 3.29225
14.4873 3.31458
14.9971 3.3369
15.507 3.35923
16.0168 3.38155
16.5217 3.38155
17.0266 3.42143
17.5315 3.4613
18.0364 3.50118
18.5412 3.54106
19.0461 3.58093
19.551 3.62081
20.0559 3.66069
20.5608 3.70057
21.0657 3.74044
21.5706 3.78032
22.0755 3.8202
22.5804 3.86007
23.0853 3.89995
23.5902 3.93983
24.095 3.9797
24.5999 4.01958
25.1048 4.05946
25.6097 4.09934
26.1146 4.13921
26.6195 4.17909
27.1244 4.21897
27.623 4.21897
28.1216 4.22792
28.6201 4.23687
29.1187 4.24582
29.6173 4.25477
30.1159 4.26372
30.6145 4.27267
31.1131 4.28162
31.6116 4.29057
32.1102 4.29952
32.6088 4.30847
33.1074 4.31742
33.606 4.32637
34.1046 4.33532
34.6031 4.34427
35.1018 4.34427
35.6004 4.34427
36.099 4.34427
36.5977 4.34427
37.0963 4.34427
37.5949 4.34427
38.0936 4.34427
38.5922 4.34427
39.0908 4.34427
41.8181 4.39481
44.5454 4.39481
47.2727 4.39481
50.0 4.39481
0.0 1.7643
0.534462 1.7643
1.06892 1.9345
1.60339 2.1047
2.13785 2.27489
2.67231 2.44509
3.20677 2.61529
3.74124 2.78548
4.25216 2.78548
4.76308 2.81042
5.27401 2.83535
5.78493 2.86028
6.29585 2.88522
6.80677 2.91015
7.3177 2.93508
7.82862 2.96002
8.33954 2.98495
8.85047 3.00988
9.36139 3.03482
9.87231 3.05975
10.3832 3.08468
10.8942 3.10962
11.4051 3.13455
11.916 3.15948
12.4269 3.18442
12.9379 3.20935
13.4488 3.23428
13.9597 3.25922
14.4607 3.25922
14.9616 3.30119
15.4626 3.34317
15.9636 3.38514
16.4646 3.42712
16.9655 3.46909
17.4665 3.51107
17.9675 3.55304
18.4684 3.59502
18.9694 3.637
19.4704 3.67897
19.9714 3.72095
20.4723 3.76292
20.9733 3.8049
21.4743 3.84687
21.9753 3.88885
22.4762 3.93082
22.9772 3.9728
23.4782 4.01478
23.9791 4.05675
24.4801 4.09873
24.9811 4.1407
25.4821 4.18268
25.9999 4.18268
26.5178 4.19253
27.0356 4.20237
27.5535 4.21222
28.0713 4.22207
28.5892 4.23192
29.107 4.24177
29.6249 4.25162
30.1428 4.26147
30.6606 4.27132
31.1785 4.28117
31.6963 4.29101
32.2142 4.30086
32.7002 4.30086
33.1862 4.30086
33.6723 4.30086
34.1583 4.30086
34.6443 4.30086
35.1303 4.30086
35.6163 4.30086
36.1024 4.30086
36.5884 4.30086
37.0744 4.30086
37.5604 4.30086
38.0465 4.30086
38.5325 4.30086
39.0185 4.30086
39.5045 4.30086
42.1284 4.36135
44.7523 4.36135
47.3761 4.36135
50.0 4.36135
0.0 2.01676
0.50817 2.01676
1.01634 2.10514
1.52451 2.19352
2.03268 2.2819
2.54085 2.37029
3.04902 2.45867
3.55719 2.54705
4.06536 2.63544
4.57353 2.72382
5.0817 2.8122
5.58987 2.90058
6.09804 2.98897
6.6062 3.07735
7.10981 3.07735
7.61341 3.08925
8.11702 3.10114
8.62062 3.11304
9.12423 3.12494
9.62783 3.13683
10.1314 3.14873
10.635 3.16063
11.1386 3.17253
11.6422 3.18442
12.1459 3.19632
12.6495 3.20822
13.1531 3.22011
13.6567 3.23201
14.1603 3.24391
14.6639 3.25581
15.1675 3.2677
15.6711 3.2796
16.1747 3.2915
16.6783 3.3034
17.1819 3.31529
17.6855 3.32719
18.1727 3.32719
18.6599 3.3917
19.1472 3.45621
19.6344 3.52072
20.1216 3.58523
20.6088 3.64973
21.0961 3.71424
21.5833 3.77875
22.0705 3.84326
22.5577 3.90777
23.0449 3.97228
23.5413 3.97228
24.0376 3.98757
24.5339 4.00286
25.0302 4.01815
25.5266 4.03344
26.0229 4.04873
26.5192 4.06402
27.0155 4.07931
27.5118 4.0946
28.0082 4.10989
28.5045 4.12518
29.0008 4.14047
29.4971 4.15576
29.9935 4.17105
30.4898 4.18634
30.9861 4.20163
31.4824 4.21692
31.9948 4.21692
32.5072 4.21692
33.0196 4.21692
33.5319 4.21692
34.0443 4.21692
34.5567 4.21692
35.0691 4.21692
35.5814 4.21692
36.0938 4.21692
36.6062 4.21692
37.1186 4.21692
37.6309 4.21692
38.1433 4.21692
38.6557 4.21692
39.1681 4.21692
39.6805 4.21692
40.1928 4.21692
40.7052 4.21692
43.0289 4.40093
45.3526 4.40093
47.6763 4.40093
50.0 4.40093
0.0 1.48013
0.494169 1.48013
0.988339 1.70214
1.48251 1.92415
1.97668 2.14617
2.47085 2.36818
2.96502 2.59019
3.45919 2.8122
3.95336 3.03421
4.44724 3.03421
4.94113 3.04662
5.43502 3.05902
5.92891 3.07142
6.4228 3.08383
6.91668 3.09623
7.41057 3.10864
7.90446 3.12104
8.39835 3.13344
8.89224 3.14585
9.38612 3.15825
9.88001 3.17066
10.3739 3.18306
10.8678 3.19546
11.3617 3.20787
11.8556 3.22027
12.3495 3.23268
12.8433 3.24508
13.3372 3.25748
13.8311 3.26989
14.325 3.28229
14.8189 3.2947
15.3128 3.3071
15.8067 3.3195
16.3006 3.33191
16.7944 3.34431
17.2883 3.35672
17.7964 3.35672
18.3044 3.41045
18.8124 3.46419
19.3205 3.51792
19.8285 3.57166
20.3365 3.62539
20.8446 3.67913
21.3526 3.73286
21.8606 3.7866
22.3687 3.84033
22.8767 3.89407
23.3847 3.9478
23.8928 4.00154
24.4008 4.05527
24.9088 4.10901
25.4169 4.16274
25.9249 4.21648
26.4347 4.21648
26.9446 4.22268
27.4544 4.22888
27.9642 4.23509
28.474 4.24129
28.9839 4.2475
29.4937 4.2537
30.0035 4.25991
30.5134 4.26611
31.0232 4.27232
31.533 4.27852
32.0428 4.28473
32.5527 4.29093
33.0625 4.29714
33.5723 4.30334
34.0821 4.30955
34.592 4.31575
35.1018 4.32196
35.6116 4.32816
36.1215 4.33437
36.6313 4.34057
37.1411 4.34678
37.6509 4.35298
38.1608 4.35919
38.6564 4.35919
39.152 4.35919
39.6477 4.35919
40.1433 4.35919
40.639 4.35919
41.1346 4.35919
41.6303 4.35919
42.1259 4.35919
42.6215 4.35919
43.1172 4.35919
43.6128 4.35919
44.1085 4.35919
47.0542 4.37257
50.0 4.37257
0.0 1.54758
0.5032 1.54758
1.0064 1.76698
1.5096 1.98638
2.0128 2.20579
2.516 2.42519
3.0192 2.64459
3.5224 2.864
4.0256 3.0834
4.52976 3.0834
5.03392 3.08937
5.53808 3.09534
6.04225 3.1013
6.54641 3.10727
7.05057 3.11324
7.55473 3.11921
8.0589 3.12518
8.56306 3.13115
9.06722 3.13712
9.57138 3.14309
10.0755 3.14905
10.5797 3.15502
11.0839 3.16099
11.588 3.16696
12.0922 3.17293
12.5964 3.1789
13.1005 3.18487
13.6047 3.19083
14.1088 3.1968
14.613 3.20277
15.1172 3.20874
15.6213 3.21471
16.1255 3.22068
16.6297 3.22665
17.1321 3.22665
17.6344 3.29742
18.1368 3.36819
18.6392 3.43897
19.1416 3.50974
19.644 3.58052
20.1464 3.65129
20.6488 3.72207
21.1512 3.79284
21.6536 3.86362
22.156 3.93439
22.6584 4.00516
23.1608 4.07594
23.6632 4.14671
24.1651 4.14671
24.667 4.15993
25.1689 4.17315
25.6708 4.18637
26.1727 4.19959
26.6747 4.2128
27.1766 4.22602
27.6785 4.23924
28.1804 4.25246
28.6823 4.26568
29.1842 4.2789
29.6861 4.29211
30.1881 4.30533
30.69 4.31855
31.1919 4.33177
31.6938 4.34499
32.1957 4.35821
32.6886 4.35821
33.1816 4.35821
33.6745 4.35821
34.1674 4.35821
34.6604 4.35821
35.1533 4.35821
35.6462 4.35821
36.1392 4.35821
36.6321 4.35821
37.125 4.35821
37.618 4.35821
38.1109 4.35821
38.6038 4.35821
39.0968 4.35821
39.5897 4.35821
40.0826 4.35821
40.5756 4.35821
41.0685 4.35821
41.5614 4.35821
42.0544 4.35821
42.5473 4.35821
43.0402 4.35821
43.5332 4.35821
44.0261 4.35821
44.519 4.35821
45.012 4.35821
45.5049 4.35821
45.9978 4.35821
47.9989 4.44064
50.0 4.44064
0.0 1.78822
0.505617 1.78822
1.01123 1.95686
1.51685 2.12551
2.02247 2.29416
2.52809 2.4628
3.0337 2.63145
3.53932 2.8001
4.04494 2.96874
4.53595 2.96874
5.02697 2.98564
5.51799 3.00254
6.009 3.01944
6.50002 3.03634
6.99104 3.05324
7.48205 3.07014
7.97307 3.08704
8.46408 3.10394
8.9551 3.12084
9.44612 3.13774
9.93713 3.15464
10.4281 3.17153
10.9192 3.18843
11.4102 3.20533
11.9012 3.22223
12.3922 3.23913
12.8845 3.23913
13.3768 3.27112
13.869 3.3031
14.3613 3.33509
14.8536 3.36707
15.3458 3.39905
15.8381 3.43104
16.3304 3.46302
16.8227 3.49501
17.3149 3.52699
17.8072 3.55898
18.2995 3.59096
18.7918 3.62295
19.284 3.65493
19.7763 3.68692
20.2686 3.7189
20.7608 3.75088
21.2531 3.78287
21.7454 3.81485
22.2377 3.84684
22.7299 3.87882
23.2222 3.91081
23.7145 3.94279
24.2068 3.97478
24.699 4.00676
25.1975 4.00676
25.696 4.04045
26.1945 4.07414
26.693 4.10783
27.1915 4.14152
27.69 4.17521
28.1885 4.2089
28.687 4.24258
29.1855 4.27627
29.684 4.30996
30.1825 4.34365
30.689 4.34365
31.1954 4.34365
31.7019 4.34365
32.2083 4.34365
32.7148 4.34365
33.2213 4.34365
33.7277 4.34365
34.2342 4.34365
34.7407 4.34365
35.2471 4.34365
35.7536 4.34365
36.2601 4.34365
36.7665 4.34365
37.273 4.34365
37.7795 4.34365
38.2859 4.34365
38.7924 4.34365
39.2989 4.34365
39.8053 4.34365
40.3118 4.34365
40.8183 4.34365
41.3247 4.34365
41.8312 4.34365
42.3377 4.34365
42.8441 4.34365
43.3506 4.34365
43.8571 4.34365
46.9285 4.37051
50.0 4.37051
0.0 1.71797
0.534909 1.71797
1.06982 1.93092
1.60473 2.14387
2.13964 2.35683
2.67454 2.56978
3.20945 2.78273
3.74436 2.99569
4.23679 2.99569
4.72921 3.0105
5.22163 3.02531
5.71405 3.04013
6.20648 3.05494
6.6989 3.06976
7.19132 3.08457
7.68375 3.09939
8.17617 3.1142
8.66859 3.12901
9.16102 3.14383
9.65344 3.15864
10.1459 3.17346
10.6383 3.18827
11.1307 3.20309
11.6313 3.20309
12.1318 3.23625
12.6323 3.26941
13.1329 3.30257
13.6334 3.33573
14.134 3.36889
14.6345 3.40205
15.1351 3.43521
15.6356 3.46837
16.1362 3.50153
16.6367 3.53469
17.1373 3.56785
17.6378 3.60101
18.1384 3.63417
18.6389 3.66733
19.1395 3.70049
19.64 3.73365
20.1406 3.76681
20.6411 3.79997
21.1416 3.83313
21.6422 3.86629
22.1427 3.89945
22.6433 3.93261
23.1438 3.96577
23.6444 3.99893
24.1462 3.99893
24.648 4.01242
25.1498 4.02592
25.6516 4.03942
26.1534 4.05292
26.6552 4.06642
27.157 4.07992
27.6589 4.09342
28.1607 4.10692
28.6625 4.12041
29.1643 4.13391
29.6661 4.14741
30.1679 4.16091
30.6697 4.17441
31.1715 4.18791
31.6733 4.20141
32.1751 4.21491
32.6769 4.22841
33.1788 4.2419
33.6806 4.2554
34.1824 4.2689
34.6842 4.2824
35.186 4.2959
35.6878 4.3094
36.1896 4.3229
36.6887 4.3229
37.1878 4.3229
37.6868 4.3229
38.1859 4.3229
38.685 4.3229
39.184 4.3229
39.6831 4.3229
40.1822 4.3229
40.6813 4.3229
41.1803 4.3229
41.6794 4.3229
42.1785 4.3229
42.6776 4.3229
43.1766 4.3229
43.6757 4.3229
44.1748 4.3229
47.0874 4.34865
50.0 4.34865
0.0 1.73108
0.519005 1.73108
1.03801 1.92978
1.55701 2.12849
2.07602 2.32719
2.59502 2.5259
3.11403 2.72461
3.63303 2.92331
4.13059 2.92331
4.62814 2.94661
5.12569 2.9699
5.62324 2.9932
6.12079 3.01649
6.61834 3.03979
7.11589 3.06308
7.61344 3.08638
8.11099 3.10967
8.60855 3.13297
9.1061 3.15626
9.60365 3.17956
10.1012 3.20285
10.5988 3.22615
11.0919 3.22615
11.585 3.25447
12.0781 3.2828
12.5713 3.31112
13.0644 3.33945
13.5575 3.36777
14.0506 3.3961
14.5438 3.42442
15.0369 3.45275
15.53 3.48107
16.0231 3.50939
16.5163 3.53772
17.0094 3.56604
17.5025 3.59437
17.9957 3.62269
18.4888 3.65102
18.9819 3.67934
19.475 3.70767
19.9682 3.73599
20.4613 3.76431
20.9544 3.79264
21.4475 3.82096
21.9407 3.84929
22.4338 3.87761
22.9269 3.90594
23.4201 3.93426
23.9132 3.96259
24.4063 3.99091
24.9179 3.99091
25.4294 4.00483
25.941 4.01874
26.4525 4.03266
26.9641 4.04657
27.4756 4.06049
27.9872 4.07441
28.4987 4.08832
29.0103 4.10224
29.5219 4.11616
30.0334 4.13007
30.545 4.14399
31.0565 4.1579
31.5681 4.17182
32.0796 4.18574
32.5912 4.19965
33.1027 4.21357
33.6143 4.22749
34.1259 4.2414
34.6374 4.25532
35.149 4.26923
35.6506 4.26923
36.1523 4.26923
36.6539 4.26923
37.1556 4.26923
37.6573 4.26923
38.1589 4.26923
38.6606 4.26923
39.1622 4.26923
39.6639 4.26923
40.1655 4.26923
40.6672 4.26923
41.1689 4.26923
41.6705 4.26923
42.1722 4.26923
42.6738 4.26923
43.1755 4.26923
43.6771 4.26923
44.1788 4.26923
44.6805 4.26923
45.1821 4.26923
47.5911 4.38182
50.0 4.38182
0.0 1.73187
0.489223 1.73187
0.978445 1.90608
1.46767 2.08029
1.95689 2.2545
2.44611 2.42871
2.93534 2.60292
3.42456 2.77713
3.91378 2.95134
4.38729 2.95134
4.8608 2.98394
5.33432 3.01655
5.80783 3.04915
6.28134 3.08175
6.75485 3.11436
7.22837 3.14696
7.70188 3.17956
8.17539 3.21217
8.67631 3.21217
9.17722 3.23747
9.67813 3.26278
10.179 3.28809
10.68 3.31339
11.1809 3.3387
11.6818 3.364
12.1827 3.38931
12.6836 3.41461
13.1845 3.43992
13.6854 3.46523
14.1864 3.49053
14.6873 3.51584
15.1882 3.54114
15.6891 3.56645
16.19 3.59176
16.6909 3.61706
17.1918 3.64237
17.6928 3.66767
18.1937 3.69298
18.6946 3.71828
19.1955 3.74359
19.6964 3.7689
20.1973 3.7942
20.6982 3.81951
21.1992 3.84481
21.7001 3.87012
22.201 3.89543
22.7019 3.92073
23.2028 3.94604
23.7037 3.97134
24.2046 3.99665
24.7056 4.02196
25.1915 4.02196
25.6774 4.03802
26.1634 4.05408
26.6493 4.07014
27.1352 4.0862
27.6212 4.10227
28.1071 4.11833
28.593 4.13439
29.079 4.15045
29.5649 4.16651
30.0508 4.18258
30.5368 4.19864
31.0227 4.2147
31.5086 4.23076
31.9946 4.24682
32.4805 4.26289
32.9665 4.27895
33.4568 4.27895
33.9472 4.27895
34.4376 4.27895
34.928 4.27895
35.4184 4.27895
35.9088 4.27895
36.3992 4.27895
36.8896 4.27895
37.38 4.27895
37.8704 4.27895
38.3608 4.27895
38.8512 4.27895
39.3416 4.27895
39.832 4.27895
40.3224 4.27895
40.8128 4.27895
41.3032 4.27895
41.7936 4.27895
42.284 4.27895
42.7744 4.27895
43.2648 4.27895
43.7552 4.27895
44.2456 4.27895
44.736 4.27895
45.2264 4.27895
45.7168 4.27895
47.8584 4.34798
50.0 4.34798
0.0 1.69446
0.495314 1.69446
0.990628 1.90977
1.48594 2.12508
1.98126 2.34039
2.47657 2.5557
2.97189 2.77101
3.4672 2.98632
3.95987 2.98632
4.45253 3.0026
4.9452 3.01888
5.43787 3.03515
5.93053 3.05143
6.4232 3.06771
6.91587 3.08398
7.40854 3.10026
7.9012 3.11654
8.39387 3.13281
8.88654 3.14909
9.3792 3.16537
9.87187 3.18164
10.3645 3.19792
10.8722 3.19792
11.38 3.22976
11.8877 3.26159
12.3954 3.29343
12.9031 3.32526
13.4108 3.3571
13.9185 3.38893
14.4262 3.42077
14.9339 3.45261
15.4416 3.48444
15.9493 3.51628
16.457 3.54811
16.9648 3.57995
17.4725 3.61178
17.9802 3.64362
18.4879 3.67546
18.9956 3.70729
19.5033 3.73913
20.011 3.77096
20.5187 3.8028
21.0264 3.83463
21.5341 3.86647
22.0419 3.89831
22.5496 3.93014
23.0573 3.96198
23.565 3.99381
24.0727 4.02565
24.5804 4.05748
25.0923 4.05748
25.6042 4.07696
26.1161 4.09644
26.628 4.11592
27.14 4.13539
27.6519 4.15487
28.1638 4.17435
28.6757 4.19382
29.1876 4.2133
29.6995 4.23278
30.2114 4.25226
30.7233 4.27173
31.2353 4.29121
31.7472 4.31069
32.2458 4.31069
32.7445 4.31069
33.2431 4.31069
33.7418 4.31069
34.2404 4.31069
34.7391 4.31069
35.2377 4.31069
35.7364 4.31069
36.235 4.31069
36.7337 4.31069
37.2323 4.31069
37.731 4.31069
38.2296 4.31069
38.7283 4.31069
39.227 4.31069
39.7256 4.31069
40.2243 4.31069
40.7229 4.31069
41.2216 4.31069
41.7202 4.31069
42.2189 4.31069
42.7175 4.31069
43.2162 4.31069
43.7148 4.31069
44.2135 4.31069
44.7121 4.31069
45.2108 4.31069
45.7094 4.31069
46.2081 4.31069
46.7067 4.31069
48.3534 4.36277
50.0 4.36277
0.0 1.72078
0.528153 1.72078
1.05631 1.92213
1.58446 2.12347
2.11261 2.32481
2.64076 2.52616
3.16892 2.7275
3.69707 2.92884
4.19684 2.92884
4.69661 2.95479
5.19638 2.98073
5.69616 3.00667
6.19593 3.03262
6.6957 3.05856
7.19547 3.0845
7.69524 3.11045
8.19502 3.13639
8.69479 3.16233
9.19456 3.18828
9.69433 3.21422
10.1941 3.24016
10.6939 3.2661
11.1936 3.29205
11.6934 3.31799
12.2016 3.31799
12.7097 3.34712
13.2179 3.37626
13.7261 3.40539
14.2342 3.43452
14.7424 3.46366
15.2505 3.49279
15.7587 3.52192
16.2668 3.55106
16.775 3.58019
17.2832 3.60932
17.7913 3.63846
18.2995 3.66759
18.8076 3.69672
19.3158 3.72585
19.824 3.75499
20.3321 3.78412
20.8403 3.81325
21.3484 3.84239
21.8566 3.87152
22.3647 3.90065
22.8729 3.92979
23.3811 3.95892
23.8892 3.98805
24.3974 4.01719
24.9055 4.04632
25.3969 4.04632
25.8882 4.06061
26.3795 4.0749
26.8708 4.08918
27.3622 4.10347
27.8535 4.11776
28.3448 4.13205
28.8361 4.14634
29.3274 4.16062
29.8188 4.17491
30.3101 4.1892
30.8014 4.20349
31.2927 4.21778
31.7841 4.23207
32.2754 4.24635
32.7667 4.26064
33.258 4.27493
33.7494 4.28922
34.2407 4.30351
34.732 4.31779
35.2233 4.33208
35.7147 4.34637
36.206 4.36066
36.6953 4.36066
37.1845 4.36066
37.6738 4.36066
38.1631 4.36066
38.6524 4.36066
39.1416 4.36066
39.6309 4.36066
40.1202 4.36066
40.6095 4.36066
41.0988 4.36066
41.588 4.36066
42.0773 4.36066
42.5666 4.36066
43.0559 4.36066
43.5452 4.36066
44.0344 4.36066
44.5237 4.36066
45.013 4.36066
45.5023 4.36066
45.9915 4.36066
46.4808 4.36066
46.9701 4.36066
47.4594 4.36066
48.7297 4.37082
50.0 4.37082
0.0 1.68968
0.496709 1.68968
0.993418 1.90016
1.49013 2.11063
1.98684 2.32111
2.48355 2.53159
2.98026 2.74207
3.47696 2.95255
3.97558 2.95255
4.47419 2.97945
4.9728 3.00635
5.47142 3.03324
5.97003 3.06014
6.46865 3.08704
6.96726 3.11394
7.46587 3.14084
7.96449 3.16774
8.4631 3.19464
8.96171 3.22154
9.46033 3.24844
9.95894 3.27534
10.4576 3.30224
10.9562 3.32914
11.4642 3.32914
11.9723 3.35682
12.4803 3.38451
12.9884 3.4122
13.4965 3.43988
14.0045 3.46757
14.5126 3.49525
15.0206 3.52294
15.5287 3.55062
16.0368 3.57831
16.5448 3.606
17.0529 3.63368
17.5609 3.66137
18.069 3.68905
18.5771 3.71674
19.0851 3.74442
19.5932 3.77211
20.1012 3.7998
20.6093 3.82748
21.1174 3.85517
21.6254 3.88285
22.1335 3.91054
22.6415 3.93822
23.1496 3.96591
23.6577 3.9936
24.1657 4.02128
24.6738 4.04897
25.1818 4.07665
25.6899 4.10434
26.1906 4.10434
26.6914 4.11451
27.1921 4.12469
27.6928 4.13486
28.1935 4.14504
28.6943 4.15522
29.195 4.16539
29.6957 4.17557
30.1964 4.18574
30.6972 4.19592
31.1979 4.20609
31.6986 4.21627
32.1993 4.22644
32.7001 4.23662
33.2008 4.24679
33.7015 4.25697
34.2022 4.26714
34.703 4.27732
35.2037 4.28749
35.7044 4.29767
36.2051 4.30784
36.7059 4.31802
37.2066 4.32819
37.7073 4.33837
38.2129 4.33837
38.7184 4.33837
39.2239 4.33837
39.7295 4.33837
40.235 4.33837
40.7405 4.33837
41.2461 4.33837
41.7516 4.33837
42.2571 4.33837
42.7627 4.33837
43.2682 4.33837
43.7737 4.33837
44.2793 4.33837
44.7848 4.33837
45.2903 4.33837
45.7959 4.33837
46.3014 4.33837
46.8069 4.33837
47.3125 4.33837
47.818 4.33837
50.0 4.34933
0.0 1.62151
0.506509 1.62151
1.01302 1.83255
1.51953 2.04359
2.02603 2.25463
2.53254 2.46566
3.03905 2.6767
3.54556 2.88774
4.05207 3.09878
4.54509 3.09878
5.03811 3.11135
5.53113 3.12392
6.02415 3.13648
6.51718 3.14905
7.0102 3.16162
7.50322 3.17419
7.99624 3.18676
8.48926 3.19933
8.98228 3.2119
9.47531 3.22447
9.96833 3.23704
10.4613 3.24961
10.9544 3.26218
11.4474 3.27475
11.9404 3.28732
12.4334 3.29989
12.9265 3.31246
13.4195 3.32503
13.9125 3.3376
14.4055 3.35017
14.8985 3.36274
15.3983 3.36274
15.898 3.41673
16.3977 3.47073
16.8974 3.52473
17.3971 3.57873
17.8968 3.63272
18.3965 3.68672
18.8962 3.74072
19.3959 3.79472
19.8957 3.84871
20.3954 3.90271
20.8951 3.95671
21.3948 4.0107
21.8945 4.0647
22.3942 4.1187
22.8939 4.1727
23.3936 4.22669
23.8937 4.22669
24.3938 4.2303
24.8938 4.23391
25.3939 4.23751
25.894 4.24112
26.394 4.24472
26.8941 4.24833
27.3942 4.25193
27.8942 4.25554
28.3943 4.25914
28.8944 4.26275
29.3945 4.26636
29.8945 4.26996
30.3946 4.27357
30.8947 4.27717
31.3947 4.28078
31.8948 4.28438
32.3949 4.28799
32.8949 4.29159
33.395 4.2952
33.8951 4.29881
34.3951 4.30241
34.8859 4.30241
35.3767 4.30241
35.8675 4.30241
36.3583 4.30241
36.8491 4.30241
37.3399 4.30241
37.8307 4.30241
38.3215 4.30241
38.8123 4.30241
39.3031 4.30241
39.7939 4.30241
40.2847 4.30241
40.7755 4.30241
41.2662 4.30241
41.757 4.30241
42.2478 4.30241
42.7386 4.30241
43.2294 4.30241
43.7202 4.30241
44.211 4.30241
44.7018 4.30241
45.1926 4.30241
45.6834 4.30241
46.1742 4.30241
46.665 4.30241
48.3325 4.35326
50.0 4.35326
0.0 1.58982
0.479079 1.58982
0.958158 1.76998
1.43724 1.95015
1.91632 2.13031
2.39539 2.31048
2.87447 2.49064
3.35355 2.67081
3.83263 2.85097
4.31171 3.03114
4.81983 3.03114
5.32795 3.0418
5.83607 3.05247
6.34419 3.06314
6.85231 3.07381
7.36044 3.08447
7.86856 3.09514
8.37668 3.10581
8.8848 3.11648
9.39292 3.12714
9.90104 3.13781
10.4092 3.14848
10.9173 3.15915
11.4254 3.16981
11.9335 3.18048
12.4416 3.19115
12.9498 3.20182
13.4579 3.21248
13.966 3.22315
14.4741 3.23382
14.9754 3.23382
15.4767 3.27859
15.9779 3.32335
16.4792 3.36812
16.9804 3.41289
17.4817 3.45766
17.983 3.50243
18.4842 3.54719
18.9855 3.59196
19.4867 3.63673
19.988 3.6815
20.4893 3.72627
20.9905 3.77103
21.4918 3.8158
21.993 3.86057
22.4943 3.90534
22.9956 3.95011
23.4968 3.99487
23.9981 4.03964
24.4993 4.08441
25.0006 4.12918
25.5019 4.17395
26.0031 4.21871
26.5044 4.26348
27.0056 4.30825
27.5098 4.30825
28.014 4.31097
28.5182 4.3137
29.0224 4.31643
29.5266 4.31915
30.0308 4.32188
30.535 4.3246
31.0392 4.32733
31.5434 4.33005
32.0476 4.33278
32.5518 4.3355
33.056 4.33823
33.5602 4.34095
34.0644 4.34368
34.5686 4.3464
35.0728 4.34913
35.577 4.35185
36.0812 4.35458
36.5796 4.35458
37.0781 4.35458
37.5766 4.35458
38.075 4.35458
38.5735 4.35458
39.0719 4.35458
39.5704 4.35458
40.0689 4.35458
40.5673 4.35458
41.0658 4.35458
41.5642 4.35458
42.0627 4.35458
42.5612 4.35458
43.0596 4.35458
43.5581 4.35458
44.0565 4.35458
44.555 4.35458
45.0535 4.35458
45.5519 4.35458
46.0504 4.35458
46.5488 4.35458
47.0473 4.35458
48.5236 4.50178
50.0 4.50178
0.0 1.69957
0.49816 1.69957
0.99632 1.87636
1.49448 2.05314
1.99264 2.22992
2.4908 2.4067
2.98896 2.58348
3.48712 2.76026
3.98528 2.93704
4.48344 3.11382
4.98715 3.11382
5.49086 3.11952
5.99456 3.12522
6.49827 3.13092
7.00198 3.13663
7.50569 3.14233
8.0094 3.14803
8.5131 3.15373
9.01681 3.15943
9.52052 3.16513
10.0242 3.17083
10.5279 3.17653
11.0316 3.18223
11.5354 3.18793
12.0391 3.19363
12.5428 3.19933
13.0465 3.20503
13.5502 3.21073
14.0539 3.21643
14.5576 3.22214
15.0613 3.22784
15.5634 3.22784
16.0655 3.2735
16.5676 3.31917
17.0697 3.36484
17.5717 3.41051
18.0738 3.45618
18.5759 3.50185
19.078 3.54751
19.5801 3.59318
20.0822 3.63885
20.5843 3.68452
21.0864 3.73019
21.5884 3.77585
22.0905 3.82152
22.5926 3.86719
23.0947 3.91286
23.5968 3.95853
24.0989 4.0042
24.601 4.04986
25.1031 4.09553
25.6051 4.1412
26.1072 4.18687
26.6093 4.23254
27.1114 4.2782
27.6163 4.2782
28.1212 4.28371
28.6261 4.28922
29.131 4.29473
29.6359 4.30024
30.1409 4.30575
30.6458 4.31126
31.1507 4.31677
31.6556 4.32228
32.1605 4.32779
32.6654 4.3333
33.1703 4.33881
33.6752 4.34432
34.1801 4.34983
34.6841 4.34983
35.188 4.34983
35.692 4.34983
36.1959 4.34983
36.6999 4.34983
37.2038 4.34983
37.7078 4.34983
38.2117 4.34983
38.7156 4.34983
39.2196 4.34983
39.7235 4.34983
40.2275 4.34983
40.7314 4.34983
41.2354 4.34983
41.7393 4.34983
42.2433 4.34983
42.7472 4.34983
43.2512 4.34983
43.7551 4.34983
44.2591 4.34983
44.763 4.34983
45.267 4.34983
45.7709 4.34983
46.2749 4.34983
46.7788 4.34983
48.3894 4.45637
50.0 4.45637
0.0 1.75489
0.49541 1.75489
0.99082 1.89117
1.48623 2.02744
1.98164 2.16372
2.47705 2.29999
2.97246 2.43627
3.46787 2.57254
3.96328 2.70881
4.45869 2.84509
4.9541 2.98136
5.44951 3.11764
5.9408 3.11764
6.43209 3.12591
6.92338 3.13418
7.41468 3.14246
7.90597 3.15073
8.39726 3.159
8.88855 3.16727
9.37984 3.17555
9.87113 3.18382
10.3624 3.19209
10.8537 3.20036
11.345 3.20864
11.8363 3.21691
12.3276 3.22518
12.8189 3.23345
13.3102 3.24173
13.8015 3.25
14.2928 3.25827
14.784 3.26654
15.2753 3.27482
15.7666 3.28309
16.2579 3.29136
16.7492 3.29963
17.2405 3.30791
17.7353 3.30791
18.23 3.35315
18.7248 3.39838
19.2196 3.44362
19.7144 3.48886
20.2091 3.5341
20.7039 3.57934
21.1987 3.62458
21.6935 3.66982
22.1882 3.71506
22.683 3.7603
23.1778 3.80554
23.6726 3.85078
24.1673 3.89602
24.6621 3.94126
25.1569 3.9865
25.6517 4.03174
26.1464 4.07697
26.6412 4.12221
27.136 4.16745
27.6308 4.21269
28.1255 4.25793
28.6214 4.25793
29.1173 4.2603
29.6131 4.26267
30.109 4.26504
30.6049 4.26741
31.1007 4.26978
31.5966 4.27215
32.0925 4.27451
32.5883 4.27688
33.0842 4.27925
33.5801 4.28162
34.0759 4.28399
34.5718 4.28636
35.0677 4.28873
35.5635 4.2911
36.0594 4.29347
36.5553 4.29584
37.0511 4.2982
37.547 4.30057
38.0429 4.30294
38.5387 4.30531
39.0346 4.30768
39.5305 4.31005
40.0263 4.31242
40.5222 4.31479
41.0181 4.31716
41.514 4.31952
42.0098 4.32189
42.5057 4.32426
43.0016 4.32663
43.4974 4.329
43.9933 4.33137
44.4892 4.33374
44.985 4.33611
45.5036 4.33611
46.0222 4.33611
46.5407 4.33611
48.2704 4.39422
50.0 4.39422
0.0 1.69089
0.489893 1.69089
0.979787 1.86849
1.46968 2.04609
1.95957 2.22369
2.44947 2.40129
2.93936 2.57889
3.42925 2.75649
3.91915 2.93409
4.40904 3.11169
4.91436 3.11169
5.41968 3.12198
5.925 3.13226
6.43033 3.14255
6.93565 3.15283
7.44097 3.16311
7.94629 3.1734
8.45161 3.18368
8.95693 3.19397
9.46225 3.20425
9.96758 3.21454
10.4729 3.22482
10.9782 3.23511
11.4835 3.24539
11.9889 3.25568
12.4942 3.26596
12.9995 3.27625
13.5048 3.28653
14.0101 3.29682
14.5155 3.3071
15.0208 3.31739
15.5261 3.32767
16.0314 3.33796
16.5368 3.34824
17.0421 3.35853
17.5474 3.36881
18.0431 3.36881
18.5387 3.42919
19.0344 3.48956
19.5301 3.54993
20.0257 3.6103
20.5214 3.67068
21.0171 3.73105
21.5127 3.79142
22.0084 3.85179
22.5041 3.91216
22.9997 3.97254
23.4954 4.03291
23.9911 4.09328
24.4867 4.15365
24.9824 4.21403
25.4781 4.2744
25.976 4.2744
26.4739 4.27725
26.9718 4.2801
27.4698 4.28296
27.9677 4.28581
28.4656 4.28866
28.9635 4.29151
29.4615 4.29437
29.9594 4.29722
30.4573 4.30007
30.9552 4.30292
31.4531 4.30578
31.9511 4.30863
32.449 4.31148
32.9469 4.31433
33.4448 4.31719
33.9427 4.32004
34.4407 4.32289
34.9386 4.32574
35.4365 4.3286
35.9344 4.33145
36.4324 4.3343
36.9303 4.33715
37.4282 4.34001
37.9261 4.34286
38.424 4.34571
38.922 4.34856
39.4199 4.35142
39.9195 4.35142
40.4191 4.35142
40.9186 4.35142
41.4182 4.35142
41.9178 4.35142
42.4174 4.35142
44.9449 4.39573
47.4725 4.39573
50.0 4.39573
0.0 1.64919
0.51803 1.64919
1.03606 1.8493
1.55409 2.04941
2.07212 2.24952
2.59015 2.44963
3.10818 2.64975
3.62621 2.84986
4.14424 3.04997
4.64757 3.04997
5.15089 3.06597
5.65422 3.08196
6.15754 3.09796
6.66086 3.11396
7.16419 3.12996
7.66751 3.14596
8.17084 3.16196
8.67416 3.17796
9.17749 3.19396
9.68081 3.20995
10.1841 3.22595
10.6875 3.24195
11.1908 3.25795
11.6941 3.27395
12.1974 3.28995
12.7008 3.30595
13.2041 3.32194
13.7074 3.33794
14.2107 3.35394
14.7141 3.36994
15.2174 3.38594
15.72 3.38594
16.2227 3.43932
16.7253 3.4927
17.228 3.54607
17.7306 3.59945
18.2333 3.65283
18.7359 3.70621
19.2386 3.75959
19.7412 3.81296
20.2439 3.86634
20.7465 3.91972
21.2491 3.9731
21.7518 4.02648
22.2544 4.07985
22.7571 4.13323
23.2597 4.18661
23.7624 4.23999
24.2662 4.23999
24.77 4.24226
25.2738 4.24453
25.7775 4.2468
26.2813 4.24907
26.7851 4.25133
27.2889 4.2536
27.7927 4.25587
28.2965 4.25814
28.8003 4.26041
29.3041 4.26268
29.8079 4.26495
30.3117 4.26722
30.8155 4.26949
31.3192 4.27176
31.823 4.27402
32.3268 4.27629
32.8306 4.27856
33.3344 4.28083
33.8382 4.2831
34.342 4.28537
34.8458 4.28764
35.3496 4.28991
35.8534 4.29218
36.3572 4.29445
36.8609 4.29672
37.3647 4.29898
37.8685 4.30125
38.3723 4.30352
38.8761 4.30579
39.3507 4.30579
39.8253 4.30579
40.2999 4.30579
40.7745 4.30579
41.2491 4.30579
41.7237 4.30579
42.1983 4.30579
42.6729 4.30579
45.1153 4.41702
47.5576 4.41702
50.0 4.41702
0.0 1.67935
0.524669 1.67935
1.04934 1.84379
1.57401 2.00823
2.09867 2.17267
2.62334 2.33711
3.14801 2.50155
3.67268 2.66599
4.19735 2.83042
4.72202 2.99486
5.21549 2.99486
5.70896 3.01139
6.20243 3.02791
6.6959 3.04443
7.18937 3.06095
7.68284 3.07747
8.17631 3.09399
8.66978 3.11051
9.16325 3.12704
9.65672 3.14356
10.1502 3.16008
10.6437 3.1766
11.1371 3.19312
11.6306 3.20964
12.1241 3.22616
12.6175 3.24269
13.111 3.25921
13.6045 3.27573
14.0979 3.29225
14.5914 3.30877
15.0849 3.32529
15.5784 3.34181
16.0718 3.35834
16.5653 3.37486
17.0588 3.39138
17.5522 3.4079
18.0457 3.42442
18.5405 3.42442
19.0352 3.49514
19.53 3.56585
20.0248 3.63656
20.5196 3.70727
21.0143 3.77799
21.5091 3.8487
22.0039 3.91941
22.4987 3.99013
22.9934 4.06084
23.4882 4.13155
23.983 4.20227
24.4777 4.27298
24.9839 4.27298
25.49 4.2733
25.9961 4.27362
26.5022 4.27394
27.0084 4.27426
27.5145 4.27458
28.0206 4.2749
28.5267 4.27522
29.0329 4.27554
29.539 4.27586
30.0451 4.27618
30.5512 4.2765
31.0573 4.27682
31.5635 4.27714
32.0696 4.27746
32.5757 4.27778
33.0818 4.2781
33.588 4.27842
34.0941 4.27874
34.6002 4.27907
35.1063 4.27939
35.6124 4.27971
36.1186 4.28003
36.6351 4.28003
37.1516 4.28003
37.668 4.28003
38.1845 4.28003
38.701 4.28003
39.2175 4.28003
39.734 4.28003
40.2505 4.28003
40.767 4.28003
41.2835 4.28003
41.8 4.28003
42.3165 4.28003
42.833 4.28003
43.3495 4.28003
43.8659 4.28003
46.933 4.41069
50.0 4.41069
0.0 1.79446
0.518915 1.79446
1.03783 1.93517
1.55675 2.07588
2.07566 2.21658
2.59458 2.35729
3.11349 2.498
3.63241 2.63871
4.15132 2.77942
4.67024 2.92013
5.18915 3.06084
5.69217 3.06084
6.19518 3.07042
6.6982 3.08
7.20121 3.08959
7.70423 3.09917
8.20724 3.10875
8.71026 3.11833
9.21328 3.12792
9.71629 3.1375
10.2193 3.14708
10.7223 3.15666
11.2253 3.16625
11.7284 3.17583
12.2314 3.18541
12.7344 3.19499
13.2374 3.20458
13.7404 3.21416
14.2434 3.22374
14.7464 3.23332
15.2495 3.2429
15.7525 3.25249
16.2555 3.26207
16.7585 3.27165
17.2615 3.28123
17.7645 3.29082
18.2676 3.3004
18.7706 3.30998
19.2736 3.31956
19.7766 3.32915
20.2796 3.33873
20.7904 3.33873
21.3012 3.52242
21.812 3.70612
22.3228 3.88981
22.8336 4.07351
23.3444 4.2572
23.8494 4.2572
24.3544 4.26009
24.8594 4.26299
25.3644 4.26588
25.8695 4.26877
26.3745 4.27166
26.8795 4.27456
27.3845 4.27745
27.8896 4.28034
28.3946 4.28323
28.8996 4.28613
29.4046 4.28902
29.9097 4.29191
30.4147 4.29481
30.9197 4.2977
31.4247 4.30059
31.9297 4.30348
32.4348 4.30638
32.9398 4.30927
33.4448 4.31216
33.9498 4.31505
34.4549 4.31795
34.9599 4.32084
35.4649 4.32373
35.9699 4.32662
36.475 4.32952
36.98 4.33241
37.485 4.3353
37.99 4.3382
38.495 4.34109
39.0001 4.34398
39.5131 4.34398
40.0261 4.34398
40.5392 4.34398
41.0522 4.34398
41.5652 4.34398
42.0782 4.34398
42.5913 4.34398
43.1043 4.34398
43.6173 4.34398
44.1304 4.34398
44.6434 4.34398
45.1564 4.34398
45.6694 4.34398
46.1825 4.34398
46.6955 4.34398
47.2085 4.34398
47.7216 4.34398
50.0 4.51811
0.0 1.88397
0.48162 1.88397
0.963241 2.00275
1.44486 2.12152
1.92648 2.24029
2.4081 2.35907
2.88972 2.47784
3.37134 2.59661
3.85296 2.71539
4.33458 2.83416
4.8162 2.95293
5.29782 3.07171
5.80348 3.07171
6.30914 3.08228
6.8148 3.09286
7.32046 3.10343
7.82612 3.11401
8.33178 3.12458
8.83744 3.13516
9.3431 3.14574
9.84876 3.15631
10.3544 3.16689
10.8601 3.17746
11.3657 3.18804
11.8714 3.19861
12.3771 3.20919
12.8827 3.21976
13.3884 3.23034
13.894 3.24091
14.3997 3.25149
14.9054 3.26206
15.411 3.27264
15.9167 3.28322
16.4223 3.29379
16.928 3.30437
17.4336 3.31494
17.9393 3.32552
18.444 3.32552
18.9487 3.38492
19.4534 3.44432
19.9581 3.50372
20.4627 3.56312
20.9674 3.62252
21.4721 3.68192
21.9768 3.74132
22.4815 3.80072
22.9862 3.86012
23.4909 3.91952
23.9955 3.97893
24.5002 4.03833
25.0049 4.09773
25.5096 4.15713
26.0143 4.21653
26.5147 4.21653
27.0151 4.22334
27.5156 4.23015
28.016 4.23695
28.5164 4.24376
29.0169 4.25057
29.5173 4.25738
30.0177 4.26419
30.5181 4.271
31.0186 4.27781
31.519 4.28461
32.0194 4.29142
32.5199 4.29823
33.0203 4.30504
33.5207 4.31185
34.0211 4.31866
34.5216 4.32547
35.022 4.33227
35.5224 4.33908
36.0229 4.34589
36.5233 4.3527
37.0237 4.35951
37.5241 4.36632
38.0246 4.37313
38.525 4.37993
39.0254 4.38674
39.5259 4.39355
40.0263 4.40036
40.5109 4.40036
40.9956 4.40036
41.4802 4.40036
41.9648 4.40036
42.4495 4.40036
42.9341 4.40036
43.4188 4.40036
43.9034 4.40036
44.388 4.40036
44.8727 4.40036
45.3573 4.40036
45.842 4.40036
46.3266 4.40036
46.8113 4.40036
47.2959 4.40036
48.6479 4.44254
50.0 4.44254
0.0 1.8928
0.52111 1.8928
1.04222 2.04324
1.56333 2.19369
2.08444 2.34414
2.60555 2.49459
3.12666 2.64503
3.64777 2.79548
4.16888 2.94593
4.68999 3.09638
5.19289 3.09638
5.69578 3.10259
6.19868 3.1088
6.70158 3.11501
7.20448 3.12122
7.70738 3.12743
8.21028 3.13364
8.71318 3.13985
9.21608 3.14606
9.71898 3.15227
10.2219 3.15848
10.7248 3.16469
11.2277 3.1709
11.7306 3.17711
12.2335 3.18332
12.7364 3.18953
13.2393 3.19573
13.7422 3.20194
14.2451 3.20815
14.748 3.21436
15.2509 3.22057
15.7538 3.22678
16.2567 3.23299
16.7596 3.2392
17.2541 3.2392
17.7487 3.31563
18.2433 3.39206
18.7378 3.46849
19.2324 3.54491
19.7269 3.62134
20.2215 3.69777
20.7161 3.7742
21.2106 3.85063
21.7052 3.92705
22.1998 4.00348
22.6943 4.07991
23.1889 4.15634
23.6834 4.23276
24.178 4.30919
24.661 4.30919
25.1439 4.31769
25.6269 4.32619
26.1098 4.33468
26.5928 4.34318
27.0757 4.35168
27.5587 4.36018
28.0417 4.36867
28.5246 4.37717
29.0076 4.38567
29.4905 4.39417
29.9735 4.40266
30.4564 4.41116
30.9562 4.41116
31.4559 4.41116
31.9557 4.41116
32.4554 4.41116
32.9552 4.41116
33.4549 4.41116
33.9546 4.41116
34.4544 4.41116
34.9541 4.41116
35.4539 4.41116
35.9536 4.41116
36.4534 4.41116
36.9531 4.41116
37.4529 4.41116
37.9526 4.41116
38.4524 4.41116
38.9521 4.41116
39.4518 4.41116
39.9516 4.41116
40.4513 4.41116
40.9511 4.41116
41.4508 4.41116
41.9506 4.41116
42.4503 4.41116
42.9501 4.41116
43.4498 4.41116
43.9495 4.41116
44.4493 4.41116
44.949 4.41116
47.4745 4.42772
50.0 4.42772
0.0 1.85625
0.516111 1.85625
1.03222 1.96726
1.54833 2.07828
2.06444 2.18929
2.58055 2.3003
3.09667 2.41132
3.61278 2.52233
4.12889 2.63334
4.645 2.74436
5.16111 2.85537
5.67722 2.96639
6.19333 3.0774
6.70439 3.0774
7.21545 3.08381
7.72651 3.09022
8.23757 3.09663
8.74863 3.10304
9.25968 3.10946
9.77074 3.11587
10.2818 3.12228
10.7929 3.12869
11.3039 3.1351
11.815 3.14151
12.326 3.14792
12.8371 3.15433
13.3482 3.16074
13.8592 3.16716
14.3703 3.17357
14.8813 3.17998
15.3924 3.18639
15.9034 3.1928
16.4145 3.19921
16.9256 3.20562
17.4318 3.20562
17.938 3.2637
18.4442 3.32177
18.9505 3.37985
19.4567 3.43792
19.9629 3.496
20.4692 3.55407
20.9754 3.61214
21.4816 3.67022
21.9878 3.72829
22.4941 3.78637
23.0003 3.84444
23.5065 3.90252
24.0127 3.96059
24.519 4.01867
25.0252 4.07674
25.5314 4.13482
26.0377 4.19289
26.5439 4.25097
27.0501 4.30904
27.5189 4.30904
27.9876 4.31986
28.4564 4.33068
28.9251 4.3415
29.3939 4.35232
29.8626 4.36314
30.3313 4.37396
30.827 4.37396
31.3227 4.37396
31.8183 4.37396
32.314 4.37396
32.8097 4.37396
33.3054 4.37396
33.801 4.37396
34.2967 4.37396
34.7924 4.37396
35.288 4.37396
35.7837 4.37396
36.2794 4.37396
36.775 4.37396
37.2707 4.37396
37.7664 4.37396
38.262 4.37396
38.7577 4.37396
39.2534 4.37396
39.749 4.37396
40.2447 4.37396
40.7404 4.37396
41.236 4.37396
41.7317 4.37396
42.2274 4.37396
42.723 4.37396
43.2187 4.37396
43.7144 4.37396
44.21 4.37396
44.7057 4.37396
45.2014 4.37396
47.6007 4.45704
50.0 4.45704
0.0 1.83785
0.486279 1.83785
0.972558 1.95965
1.45884 2.08145
1.94512 2.20325
2.43139 2.32504
2.91767 2.44684
3.40395 2.56864
3.89023 2.69043
4.37651 2.81223
4.86279 2.93403
5.34907 3.05583
5.83535 3.17762
6.33328 3.17762
6.83122 3.18058
7.32916 3.18354
7.8271 3.1865
8.32504 3.18946
8.82298 3.19242
9.32092 3.19538
9.81886 3.19834
10.3168 3.2013
10.8147 3.20426
11.3127 3.20722
11.8106 3.21018
12.3086 3.21314
12.8065 3.2161
13.3044 3.21906
13.8024 3.22202
14.3003 3.22498
14.7983 3.22794
15.2962 3.2309
15.7941 3.23385
16.2921 3.23681
16.79 3.23977
17.2879 3.24273
17.7859 3.24569
18.2838 3.24865
18.7818 3.25161
19.2797 3.25457
19.7776 3.25753
20.2756 3.26049
20.7735 3.26345
21.2687 3.26345
21.7638 3.63592
22.259 4.00839
22.7541 4.38086
23.2498 4.38086
23.7454 4.38205
24.2411 4.38325
24.7367 4.38444
25.2323 4.38563
25.728 4.38682
26.2236 4.38802
26.7193 4.38921
27.2149 4.3904
27.7106 4.3916
28.2062 4.39279
28.7018 4.39398
29.1975 4.39518
29.6931 4.39637
30.1888 4.39756
30.6844 4.39875
31.18 4.39995
31.6716 4.39995
32.1631 4.39995
32.6546 4.39995
33.1462 4.39995
33.6377 4.39995
34.1293 4.39995
34.6208 4.39995
35.1123 4.39995
35.6039 4.39995
36.0954 4.39995
36.587 4.39995
37.0785 4.39995
37.57 4.39995
38.0616 4.39995
38.5531 4.39995
39.0446 4.39995
39.5362 4.39995
40.0277 4.39995
40.5193 4.39995
41.0108 4.39995
41.5023 4.39995
41.9939 4.39995
42.4854 4.39995
42.9769 4.39995
43.4685 4.39995
43.96 4.39995
44.4516 4.39995
44.9431 4.39995
47.4715 4.44786
50.0 4.44786
0.0 1.84795
0.495844 1.84795
0.991687 1.95289
1.48753 2.05784
1.98337 2.16279
2.47922 2.26773
2.97506 2.37268
3.4709 2.47762
3.96675 2.58257
4.46259 2.68752
4.95844 2.79246
5.45428 2.89741
5.95012 3.00235
6.44597 3.1073
6.94745 3.1073
7.44893 3.11467
7.95042 3.12204
8.4519 3.12941
8.95339 3.13678
9.45487 3.14415
9.95635 3.15153
10.4578 3.1589
10.9593 3.16627
11.4608 3.17364
11.9623 3.18101
12.4638 3.18838
12.9653 3.19575
13.4667 3.20312
13.9682 3.21049
14.4697 3.21786
14.9712 3.22523
15.4727 3.2326
15.9742 3.23998
16.4756 3.24735
16.9771 3.25472
17.4786 3.26209
17.9801 3.26946
18.4684 3.26946
18.9568 3.33717
19.4451 3.40488
19.9334 3.47258
20.4218 3.54029
20.9101 3.608
21.3984 3.67571
21.8867 3.74342
22.3751 3.81113
22.8634 3.87884
23.3517 3.94655
23.8401 4.01425
24.3284 4.08196
24.8167 4.14967
25.3051 4.21738
25.8006 4.21738
26.296 4.22613
26.7915 4.23488
27.287 4.24363
27.7825 4.25238
28.278 4.26113
28.7735 4.26988
29.2689 4.27863
29.7644 4.28738
30.2599 4.29613
30.7554 4.30488
31.2509 4.31363
31.7464 4.32238
32.2532 4.32238
32.76 4.32238
33.2669 4.32238
33.7737 4.32238
34.2805 4.32238
34.7874 4.32238
35.2942 4.32238
35.801 4.32238
36.3079 4.32238
36.8147 4.32238
37.3215 4.32238
37.8284 4.32238
38.3352 4.32238
38.842 4.32238
39.3489 4.32238
39.8557 4.32238
40.3625 4.32238
40.8694 4.32238
41.3762 4.32238
41.883 4.32238
42.3899 4.32238
42.8967 4.32238
45.2645 4.38062
47.6322 4.38062
50.0 4.38062
0.0 1.87986
0.510222 1.87986
1.02044 1.9922
1.53067 2.10454
2.04089 2.21688
2.55111 2.32922
3.06133 2.44156
3.57156 2.5539
4.08178 2.66624
4.592 2.77858
5.10222 2.89092
5.61245 3.00326
6.12267 3.1156
6.61987 3.1156
7.11708 3.12109
7.61429 3.12657
8.11149 3.13205
8.6087 3.13753
9.1059 3.14302
9.60311 3.1485
10.1003 3.15398
10.5975 3.15946
11.0947 3.16495
11.5919 3.17043
12.0891 3.17591
12.5863 3.18139
13.0835 3.18687
13.5807 3.19236
14.078 3.19784
14.5752 3.20332
15.0724 3.2088
15.5696 3.21429
16.0668 3.21977
16.564 3.22525
17.0612 3.23073
17.5584 3.23622
18.0556 3.2417
18.5528 3.24718
19.0574 3.24718
19.5619 3.32264
20.0665 3.39809
20.571 3.47354
21.0756 3.549
21.5801 3.62445
22.0847 3.69991
22.5892 3.77536
23.0938 3.85082
23.5984 3.92627
24.1029 4.00173
24.6075 4.07718
25.112 4.15264
25.6166 4.22809
26.1155 4.22809
26.6144 4.23104
27.1133 4.23399
27.6123 4.23694
28.1112 4.23989
28.6101 4.24285
29.109 4.2458
29.6079 4.24875
30.1068 4.2517
30.6057 4.25465
31.1047 4.2576
31.6036 4.26055
32.1025 4.2635
32.6014 4.26645
33.1003 4.2694
33.5992 4.27235
34.0982 4.2753
34.5962 4.2753
35.0942 4.2753
35.5922 4.2753
36.0902 4.2753
36.5882 4.2753
37.0862 4.2753
37.5842 4.2753
38.0822 4.2753
38.5802 4.2753
39.0782 4.2753
39.5762 4.2753
40.0742 4.2753
40.5722 4.2753
41.0702 4.2753
41.5683 4.2753
42.0663 4.2753
42.5643 4.2753
43.0623 4.2753
45.3748 4.36694
47.6874 4.36694
50.0 4.36694
0.0 1.82683
0.492986 1.82683
0.985972 1.93818
1.47896 2.04954
1.97194 2.16089
2.46493 2.27224
2.95792 2.38359
3.4509 2.49494
3.94389 2.60629
4.43687 2.71765
4.92986 2.829
5.42284 2.94035
5.91583 3.0517
6.40882 3.16305
6.91273 3.16305
7.41664 3.16955
7.92055 3.17605
8.42446 3.18255
8.92837 3.18905
9.43228 3.19555
9.93619 3.20205
10.4401 3.20855
10.944 3.21505
11.4479 3.22155
11.9518 3.22805
12.4557 3.23455
12.9597 3.24105
13.4636 3.24755
13.9675 3.25405
14.4714 3.26055
14.9753 3.26705
15.4792 3.27355
15.9831 3.28005
16.487 3.28655
16.9909 3.29305
17.4948 3.29955
17.9988 3.30605
18.5027 3.31255
19.0066 3.31905
19.5045 3.31905
20.0025 3.38256
20.5004 3.44608
20.9984 3.5096
21.4963 3.57312
21.9943 3.63664
22.4923 3.70016
22.9902 3.76367
23.4882 3.82719
23.9861 3.89071
24.4841 3.95423
24.982 4.01775
25.48 4.08127
25.9779 4.14478
26.4759 4.2083
26.9876 4.2083
27.4994 4.21466
28.0111 4.22101
28.5229 4.22736
29.0346 4.23372
29.5464 4.24007
30.0581 4.24643
30.5699 4.25278
31.0816 4.25913
31.5934 4.26549
32.1051 4.27184
32.6169 4.27819
33.1286 4.28455
33.6404 4.2909
34.1521 4.29726
34.6638 4.30361
35.1756 4.30996
35.6873 4.31632
36.1991 4.32267
36.7026 4.32267
37.2061 4.32267
37.7097 4.32267
38.2132 4.32267
38.7167 4.32267
39.2203 4.32267
39.7238 4.32267
40.2273 4.32267
40.7308 4.32267
41.2344 4.32267
41.7379 4.32267
42.2414 4.32267
42.745 4.32267
45.1633 4.41175
47.5817 4.41175
50.0 4.41175
0.0 1.94049
0.489791 1.94049
0.979581 2.03467
1.46937 2.12885
1.95916 2.22303
2.44895 2.31721
2.93874 2.41139
3.42853 2.50557
3.91832 2.59975
4.40812 2.69393
4.89791 2.78811
5.3877 2.88229
5.87749 2.97647
6.36728 3.07065
6.87334 3.07065
7.3794 3.09028
7.88546 3.10992
8.39152 3.12955
8.89758 3.14919
9.40364 3.16883
9.9097 3.18846
10.4158 3.2081
10.9218 3.22773
11.4279 3.24737
11.9339 3.267
12.44 3.28664
12.9461 3.30627
13.4521 3.32591
13.9582 3.34554
14.4642 3.36518
14.9703 3.38481
15.4764 3.40445
15.9824 3.42408
16.4885 3.44372
16.9946 3.46335
17.5006 3.48299
18.0097 3.48299
18.5189 3.53594
19.028 3.58889
19.5371 3.64184
20.0462 3.69478
20.5554 3.74773
21.0645 3.80068
21.5736 3.85363
22.0828 3.90658
22.5919 3.95953
23.101 4.01248
23.6101 4.06543
24.1193 4.11837
24.6284 4.17132
25.1354 4.17132
25.6424 4.17474
26.1494 4.17815
26.6564 4.18156
27.1634 4.18498
27.6704 4.18839
28.1774 4.1918
28.6844 4.19521
29.1914 4.19863
29.6984 4.20204
30.2054 4.20545
30.7124 4.20887
31.2194 4.21228
31.7264 4.21569
32.2334 4.2191
32.7404 4.22252
33.2474 4.22593
33.7544 4.22934
34.2595 4.22934
34.7646 4.22934
35.2696 4.22934
35.7747 4.22934
36.2798 4.22934
36.7848 4.22934
37.2899 4.22934
37.795 4.22934
38.3001 4.22934
38.8051 4.22934
39.3102 4.22934
39.8153 4.22934
40.3203 4.22934
40.8254 4.22934
41.3305 4.22934
41.8355 4.22934
42.3406 4.22934
42.8457 4.22934
45.2305 4.38412
47.6152 4.38412
50.0 4.38412
0.0 1.66176
0.49037 1.66176
0.98074 1.85637
1.47111 2.05098
1.96148 2.2456
2.45185 2.44021
2.94222 2.63482
3.43259 2.82944
3.94429 2.82944
4.456 2.86089
4.9677 2.89235
5.4794 2.92381
5.99111 2.95527
6.50281 2.98672
7.01451 3.01818
7.52622 3.04964
8.03792 3.0811
8.54962 3.11255
9.06132 3.14401
9.57303 3.17547
10.0847 3.20693
10.5964 3.23838
11.085 3.23838
11.5736 3.24633
12.0622 3.25429
12.5508 3.26224
13.0395 3.27019
13.5281 3.27814
14.0167 3.28609
14.5053 3.29404
14.9939 3.30199
15.4825 3.30994
15.9711 3.31789
16.4597 3.32584
16.9483 3.3338
17.4369 3.34175
17.9625 3.34175
18.4882 3.40531
19.0139 3.46887
19.5395 3.53244
20.0652 3.596
20.5658 3.596
21.0663 3.596
21.5669 3.596
22.0675 3.596
22.5681 3.596
23.0687 3.596
23.5693 3.596
24.0699 3.596
26.6629 4.34563
29.2559 4.34563
31.8489 4.34563
34.4419 4.34563
37.0349 4.34563
39.6279 4.34563
42.221 4.34563
44.814 4.34563
47.407 4.34563
50.0 4.34563
0.0 1.80648
0.513493 1.80648
1.02699 1.96093
1.54048 2.11539
2.05397 2.26985
2.56747 2.42431
3.08096 2.57877
3.59445 2.73322
4.10795 2.88768
4.59277 2.88768
5.07758 2.91252
5.5624 2.93736
6.04722 2.9622
6.53204 2.98704
7.01686 3.01188
7.50168 3.03672
7.98649 3.06156
8.47131 3.0864
8.95613 3.11124
9.44095 3.13608
9.92577 3.16092
10.4106 3.18576
10.8954 3.2106
11.3802 3.23544
11.8596 3.23544
12.339 3.26448
12.8184 3.29353
13.2977 3.32258
13.7771 3.35162
14.2565 3.38067
14.7359 3.40971
15.2153 3.43876
15.6947 3.46781
16.174 3.49685
16.6534 3.5259
17.1411 3.5259
17.6287 3.58006
18.1163 3.63422
18.6039 3.68838
19.0916 3.74254
19.5792 3.7967
20.0668 3.85087
20.5545 3.90503
21.0421 3.95919
21.5297 4.01335
21.9958 4.01335
22.4618 4.01335
22.9279 4.01335
23.394 4.01335
23.86 4.01335
24.3261 4.01335
24.7921 4.01335
27.3129 4.30258
29.8337 4.30258
32.3545 4.30258
34.8753 4.30258
37.3961 4.30258
39.9169 4.30258
42.4376 4.30258
44.9584 4.30258
47.4792 4.30258
50.0 4.30258
0.0 1.7761
0.504185 1.7761
1.00837 1.94827
1.51256 2.12044
2.01674 2.29261
2.52093 2.46478
3.02511 2.63695
3.5293 2.80913
4.03348 2.9813
4.53999 2.9813
5.04649 2.99579
5.553 3.01028
6.05951 3.02477
6.56601 3.03926
7.07252 3.05375
7.57902 3.06824
8.08553 3.08274
8.59204 3.09723
9.09854 3.11172
9.60505 3.12621
10.1116 3.1407
10.6181 3.15519
11.1246 3.16968
11.6311 3.18418
12.1376 3.19867
12.6418 3.19867
13.1461 3.23172
13.6503 3.26478
14.1546 3.29784
14.6588 3.3309
15.1631 3.36396
15.6673 3.39702
16.1716 3.43007
16.6758 3.46313
17.1801 3.49619
17.6843 3.52925
18.1907 3.52925
18.6971 3.59278
19.2035 3.65631
19.7098 3.71984
20.2162 3.78337
20.7226 3.8469
21.2289 3.91043
21.7353 3.97396
22.2417 4.03749
22.7481 4.10103
23.2369 4.10103
23.7257 4.10103
24.2145 4.10103
24.7033 4.10103
25.192 4.10103
27.6728 4.32608
30.1536 4.32608
32.6344 4.32608
35.1152 4.32608
37.596 4.32608
40.0768 4.32608
42.5576 4.32608
45.0384 4.32608
47.5192 4.32608
50.0 4.32608
0.0 1.76593
0.511441 1.76593
1.02288 1.93939
1.53432 2.11284
2.04577 2.2863
2.55721 2.45976
3.06865 2.63321
3.58009 2.80667
4.09153 2.98012
4.59898 2.98012
5.10643 2.99381
5.61389 3.0075
6.12134 3.02118
6.62879 3.03487
7.13624 3.04856
7.64369 3.06224
8.15114 3.07593
8.65859 3.08962
9.16604 3.1033
9.67349 3.11699
10.1809 3.13068
10.6884 3.14436
11.1958 3.15805
11.7033 3.17174
12.2108 3.18542
12.7182 3.19911
13.2257 3.2128
13.7331 3.22648
14.2406 3.24017
14.7377 3.24017
15.2348 3.27254
15.7319 3.30491
16.229 3.33728
16.7262 3.36965
17.2233 3.40202
17.7204 3.43439
18.2175 3.46676
18.7146 3.49913
19.2118 3.5315
19.7335 3.5315
20.2552 3.59481
20.7769 3.65812
21.2986 3.72144
21.8203 3.78475
22.342 3.84806
22.8637 3.91137
23.3854 3.97469
23.9071 4.038
24.4288 4.10131
25.005 4.10131
25.5813 4.10131
28.0231 4.28867
30.465 4.28867
32.9069 4.28867
35.3488 4.28867
37.7906 4.28867
40.2325 4.28867
42.6744 4.28867
45.1163 4.28867
47.5581 4.28867
50.0 4.28867
0.0 1.70582
0.479098 1.70582
0.958197 1.86553
1.4373 2.02524
1.91639 2.18495
2.39549 2.34466
2.87459 2.50437
3.35369 2.66408
3.83279 2.8238
4.31189 2.98351
4.8031 2.98351
5.29431 2.99354
5.78552 3.00357
6.27673 3.0136
6.76795 3.02363
7.25916 3.03366
7.75037 3.0437
8.24158 3.05373
8.7328 3.06376
9.22401 3.07379
9.71522 3.08382
10.2064 3.09385
10.6976 3.10388
11.1889 3.11392
11.6801 3.12395
12.1713 3.13398
12.6625 3.14401
13.1537 3.15404
13.6449 3.16407
14.1361 3.17411
14.6273 3.18414
15.1186 3.19417
15.6098 3.2042
16.1032 3.2042
16.5966 3.27379
17.0901 3.34337
17.5835 3.41296
18.0769 3.48254
18.5704 3.55213
19.0486 3.55213
19.5269 3.61465
20.0052 3.67718
20.4834 3.73971
20.9617 3.80224
21.4399 3.86476
21.9182 3.92729
22.3965 3.98982
22.8747 4.05234
23.353 4.11487
23.8389 4.11487
24.3249 4.11487
24.8108 4.11487
25.2967 4.11487
25.7827 4.11487
26.2686 4.11487
28.9054 4.27577
31.5423 4.27577
34.1791 4.27577
36.8159 4.27577
39.4527 4.27577
42.0895 4.27577
44.7264 4.27577
47.3632 4.27577
50.0 4.27577
0.0 1.67345
0.529321 1.67345
1.05864 1.8538
1.58796 2.03415
2.11729 2.2145
2.64661 2.39485
3.17593 2.5752
3.70525 2.75555
4.23457 2.9359
4.73474 2.9359
5.2349 2.94795
5.73507 2.95999
6.23523 2.97204
6.7354 2.98409
7.23556 2.99613
7.73573 3.00818
8.23589 3.02022
8.73606 3.03227
9.23622 3.04431
9.73639 3.05636
10.2366 3.06841
10.7367 3.08045
11.2369 3.0925
11.737 3.10454
12.2372 3.11659
12.7374 3.12864
13.2375 3.14068
13.7377 3.15273
14.2379 3.16477
14.738 3.17682
15.2382 3.18887
15.7384 3.20091
16.2385 3.21296
16.6928 3.21296
17.1471 3.31552
17.6014 3.41809
18.0557 3.52065
18.51 3.62322
19.007 3.62322
19.5039 3.68947
20.0009 3.75572
20.4978 3.82198
20.9947 3.88823
21.4917 3.95449
21.9886 4.02074
22.4856 4.08699
22.9825 4.15325
23.4861 4.15325
23.9898 4.15325
24.4934 4.15325
24.997 4.15325
25.5007 4.15325
26.0043 4.15325
26.5079 4.15325
27.0116 4.15325
27.5152 4.15325
28.0188 4.15325
28.5225 4.15325
30.9088 4.29724
33.2952 4.29724
35.6816 4.29724
38.068 4.29724
40.4544 4.29724
42.8408 4.29724
45.2272 4.29724
47.6136 4.29724
50.0 4.29724
0.0 1.66159
0.515898 1.66159
1.0318 1.85359
1.54769 2.04558
2.06359 2.23757
2.57949 2.42956
3.09539 2.62156
3.61129 2.81355
4.11827 2.81355
4.62526 2.83408
5.13225 2.85461
5.63924 2.87513
6.14623 2.89566
6.65322 2.91619
7.1602 2.93672
7.66719 2.95725
8.17418 2.97778
8.68117 2.99831
9.18816 3.01884
9.69515 3.03937
10.2021 3.0599
10.7091 3.08043
11.2161 3.10096
11.7231 3.12148
12.2301 3.14201
12.7371 3.16254
13.238 3.16254
13.7388 3.20371
14.2397 3.24487
14.7406 3.28603
15.2415 3.3272
15.7424 3.36836
16.2432 3.40952
16.7441 3.45069
17.245 3.49185
17.7459 3.53301
18.2468 3.57418
18.7476 3.61534
19.2407 3.61534
19.7338 3.67839
20.2269 3.74144
20.72 3.80448
21.2131 3.86753
21.7061 3.93058
22.1992 3.99363
22.6923 4.05667
23.183 4.05667
23.6736 4.05667
24.1642 4.05667
24.6549 4.05667
25.1455 4.05667
25.6362 4.05667
26.1268 4.05667
26.6174 4.05667
29.2155 4.28487
31.8136 4.28487
34.4116 4.28487
37.0097 4.28487
39.6077 4.28487
42.2058 4.28487
44.8039 4.28487
47.4019 4.28487
50.0 4.28487
0.0 1.68343
0.511281 1.68343
1.02256 1.84644
1.53384 2.00946
2.04512 2.17248
2.55641 2.33549
3.06769 2.49851
3.57897 2.66152
4.09025 2.82454
4.59573 2.82454
5.10121 2.84591
5.6067 2.86727
6.11218 2.88864
6.61766 2.91001
7.12314 2.93138
7.62862 2.95275
8.13411 2.97411
8.63959 2.99548
9.14507 3.01685
9.65055 3.03822
10.156 3.05959
10.6615 3.08096
11.167 3.10232
11.6725 3.12369
12.178 3.14506
12.6834 3.16643
13.1889 3.1878
13.6944 3.20917
14.1999 3.23053
14.672 3.23053
15.144 3.2845
15.6161 3.33847
16.0882 3.39244
16.5602 3.44641
17.0323 3.50039
17.5044 3.55436
17.9764 3.60833
18.4839 3.60833
18.9914 3.66068
19.4989 3.71303
20.0064 3.76539
20.5139 3.81774
21.0214 3.8701
21.5289 3.92245
22.0364 3.97481
22.5439 4.02716
23.0514 4.07952
23.5535 4.07952
24.0556 4.07952
24.5578 4.07952
25.0599 4.07952
25.562 4.07952
26.0641 4.07952
26.5662 4.07952
27.0683 4.07952
27.5704 4.07952
28.0725 4.07952
28.5747 4.07952
30.9553 4.2601
33.3358 4.2601
35.7164 4.2601
38.097 4.2601
40.4776 4.2601
42.8582 4.2601
45.2388 4.2601
47.6194 4.2601
50.0 4.2601
0.0 1.6899
0.53342 1.6899
1.06684 1.87618
1.60026 2.06245
2.13368 2.24872
2.6671 2.43499
3.20052 2.62126
3.73394 2.80753
4.24237 2.80753
4.7508 2.84276
5.25923 2.87798
5.76767 2.91321
6.2761 2.94844
6.78453 2.98367
7.29296 3.0189
7.8014 3.05413
8.30983 3.08936
8.81826 3.12459
9.32669 3.15981
9.83512 3.19504
10.3436 3.23027
10.852 3.2655
11.351 3.2655
11.8499 3.28661
12.3489 3.30772
12.8479 3.32883
13.3468 3.34994
13.8458 3.37105
14.3448 3.39216
14.8437 3.41327
15.3427 3.43438
15.8417 3.45549
16.3406 3.4766
16.8396 3.49772
17.3386 3.51883
17.8375 3.53994
18.3365 3.56105
18.8355 3.58216
19.3344 3.60327
19.8334 3.62438
20.3323 3.64549
20.8384 3.64549
21.3445 3.70239
21.8505 3.75929
22.3566 3.81619
22.8627 3.87309
23.3687 3.92999
23.8748 3.9869
24.3809 4.0438
24.8869 4.1007
25.4085 4.1007
25.93 4.1007
26.4516 4.1007
26.9731 4.1007
27.4947 4.1007
28.0163 4.1007
28.5378 4.1007
29.0594 4.1007
29.5809 4.1007
32.1333 4.26834
34.6857 4.26834
37.2381 4.26834
39.7905 4.26834
42.3429 4.26834
44.8952 4.26834
47.4476 4.26834
50.0 4.26834
0.0 1.62434
0.53069 1.62434
1.06138 1.82302
1.59207 2.02171
2.12276 2.2204
2.65345 2.41908
3.18414 2.61777
3.71483 2.81646
4.20765 2.81646
4.70048 2.84134
5.19331 2.86623
5.68613 2.89112
6.17896 2.916
6.67179 2.94089
7.16462 2.96577
7.65744 2.99066
8.15027 3.01555
8.6431 3.04043
9.13592 3.06532
9.62875 3.0902
10.1216 3.11509
10.6144 3.13998
11.1072 3.16486
11.6001 3.18975
12.0844 3.18975
12.5687 3.23133
13.053 3.27291
13.5373 3.31449
14.0216 3.35607
14.5059 3.39765
14.9902 3.43924
15.4745 3.48082
15.9588 3.5224
16.4431 3.56398
16.9274 3.60556
17.4117 3.64714
17.896 3.68872
18.4057 3.68872
18.9153 3.71297
19.4249 3.73721
19.9345 3.76146
20.4441 3.7857
20.9537 3.80995
21.4633 3.83419
21.973 3.85844
22.4826 3.88268
22.9922 3.90693
23.5018 3.93117
24.0114 3.95542
24.521 3.97966
25.0306 4.00391
25.5402 4.02815
26.0499 4.0524
26.5595 4.07664
27.0691 4.10089
27.5787 4.12513
28.0883 4.14938
28.5688 4.14938
29.0493 4.14938
29.5298 4.14938
30.0104 4.14938
30.4909 4.14938
30.9714 4.14938
31.4519 4.14938
31.9324 4.14938
32.4129 4.14938
32.8934 4.14938
33.3739 4.14938
33.8544 4.14938
36.5454 4.24853
39.2363 4.24853
41.9272 4.24853
44.6181 4.24853
47.3091 4.24853
50.0 4.24853
