0.0 1.76693
0.1 1.76693
0.2 1.76693
0.3 1.76693
0.4 1.76693
0.5 1.83914
0.6 1.92998
0.7 1.92998
0.8 1.92998
0.9 1.92998
1.0 2.00219
1.1 2.09303
1.2 2.09303
1.3 2.09303
1.4 2.09649
1.5 2.16524
1.6 2.24271
1.7 2.25608
1.8 2.25608
1.9 2.27087
2.0 2.32829
2.1 2.39281
2.2 2.41913
2.3 2.41913
2.4 2.43999
2.5 2.49135
2.6 2.54258
2.7 2.58218
2.8 2.58564
2.9 2.60393
3.0 2.64706
3.1 2.68866
3.2 2.72002
3.3 2.73339
3.4 2.75615
3.5 2.78527
3.6 2.82251
3.7 2.8362
3.8 2.84605
3.9 2.85877
4.0 2.87997
4.1 2.88908
4.2 2.90087
4.3 2.90553
4.4 2.91286
4.5 2.92796
4.6 2.93967
4.7 2.94611
4.8 2.9515
4.9 2.95893
5.0 2.97214
5.1 2.98171
5.2 2.98942
5.3 2.99424
5.4 2.9995
5.5 3.0082
5.6 3.01329
5.7 3.02222
5.8 3.026
5.9 3.02927
6.0 3.03822
6.1 3.04228
6.2 3.04728
6.3 3.0508
6.4 3.05232
6.5 3.05728
6.6 3.05982
6.7 3.0648
6.8 3.06754
6.9 3.06986
7.0 3.07422
7.1 3.07739
7.2 3.08262
7.3 3.08553
7.4 3.08785
7.5 3.09093
7.6 3.09404
7.7 3.09928
7.8 3.10155
7.9 3.10484
8.0 3.10917
8.1 3.11223
8.2 3.11742
8.3 3.11856
8.4 3.12251
8.5 3.12678
8.6 3.12924
8.7 3.13488
8.8 3.13602
8.9 3.13997
9.0 3.14424
9.1 3.14611
9.2 3.1521
9.3 3.15289
9.4 3.15649
9.5 3.16176
9.6 3.16344
9.7 3.16942
9.8 3.17021
9.9 3.17338
10.0 3.17908
10.1 3.18076
10.2 3.18637
10.3 3.18752
10.4 3.19001
10.5 3.1961
10.6 3.19687
10.7 3.20259
10.8 3.20357
10.9 3.20644
11.0 3.21115
11.1 3.21255
11.2 3.21801
11.3 3.21887
11.4 3.22134
11.5 3.22671
11.6 3.22811
11.7 3.23301
11.8 3.23412
11.9 3.23766
12.0 3.24302
12.1 3.24506
12.2 3.24915
12.3 3.25077
12.4 3.25431
12.5 3.25937
12.6 3.2624
12.7 3.26728
12.8 3.26882
12.9 3.27236
13.0 3.27756
13.1 3.28085
13.2 3.28584
13.3 3.28864
13.4 3.29166
13.5 3.29667
13.6 3.30067
13.7 3.30566
13.8 3.30846
13.9 3.31148
14.0 3.31556
14.1 3.31982
14.2 3.32374
14.3 3.32689
14.4 3.3296
14.5 3.33318
14.6 3.33744
14.7 3.34287
14.8 3.34665
14.9 3.34974
15.0 3.35465
15.1 3.35792
15.2 3.36294
15.3 3.36643
15.4 3.37049
15.5 3.37546
15.6 3.37995
15.7 3.38547
15.8 3.39023
15.9 3.39383
16.0 3.39892
16.1 3.40424
16.2 3.41004
16.3 3.41414
16.4 3.41774
16.5 3.42282
16.6 3.43047
16.7 3.43588
16.8 3.44085
16.9 3.44423
17.0 3.44969
17.1 3.45802
17.2 3.46566
17.3 3.47162
17.4 3.47647
17.5 3.48081
17.6 3.4897
17.7 3.49654
17.8 3.50456
17.9 3.50912
18.0 3.51488
18.1 3.52417
18.2 3.5324
18.3 3.53981
18.4 3.54475
18.5 3.55478
18.6 3.56209
18.7 3.57032
18.8 3.57594
18.9 3.5814
19.0 3.5903
19.1 3.60324
19.2 3.60937
19.3 3.61769
19.4 3.62316
19.5 3.63148
19.6 3.64668
19.7 3.65155
19.8 3.661
19.9 3.66647
20.0 3.67442
20.1 3.68836
20.2 3.69373
20.3 3.70417
20.4 3.70926
20.5 3.71951
20.6 3.73115
20.7 3.73652
20.8 3.75116
20.9 3.75726
21.0 3.76864
21.1 3.78031
21.2 3.78533
21.3 3.8033
21.4 3.81298
21.5 3.82259
21.6 3.83377
21.7 3.83786
21.8 3.85267
21.9 3.86394
22.0 3.87356
22.1 3.88474
22.2 3.89104
22.3 3.90287
22.4 3.91575
22.5 3.92551
22.6 3.93429
22.7 3.94043
22.8 3.94274
22.9 3.95562
23.0 3.96424
23.1 3.97208
23.2 3.97917
23.3 3.98325
23.4 3.99077
23.5 3.99896
23.6 4.0075
23.7 4.01208
23.8 4.01649
23.9 4.02237
24.0 4.03094
24.1 4.05153
24.2 4.07093
24.3 4.07537
24.4 4.08029
24.5 4.08501
24.6 4.09189
24.7 4.10586
24.8 4.1225
24.9 4.12588
25.0 4.13006
25.1 4.13737
25.2 4.14748
25.3 4.15057
25.4 4.15198
25.5 4.15432
25.6 4.16195
25.7 4.16655
25.8 4.17623
25.9 4.17724
26.0 4.18438
26.1 4.18692
26.2 4.19176
26.3 4.20468
26.4 4.20566
26.5 4.20607
26.6 4.20918
26.7 4.2176
26.8 4.21909
26.9 4.22007
27.0 4.22059
27.1 4.22187
27.2 4.22495
27.3 4.22517
27.4 4.22566
27.5 4.22618
27.6 4.2277
27.7 4.23105
27.8 4.23134
27.9 4.23194
28.0 4.23255
28.1 4.23344
28.2 4.23609
28.3 4.23639
28.4 4.23699
28.5 4.23759
28.6 4.24955
28.7 4.25203
28.8 4.25221
28.9 4.25885
29.0 4.2592
29.1 4.26045
29.2 4.26313
29.3 4.26836
29.4 4.26914
29.5 4.26978
29.6 4.27387
29.7 4.27628
29.8 4.27644
29.9 4.27722
30.0 4.27775
30.1 4.27896
30.2 4.28035
30.3 4.28092
30.4 4.28151
30.5 4.28189
30.6 4.2831
30.7 4.28449
30.8 4.28506
30.9 4.28565
31.0 4.28603
31.1 4.28731
31.2 4.28861
31.3 4.28943
31.4 4.28977
31.5 4.28987
31.6 4.2912
31.7 4.29246
31.8 4.29277
31.9 4.29311
32.0 4.2935
32.1 4.29442
32.2 4.29539
32.3 4.2957
32.4 4.29604
32.5 4.29643
32.6 4.29735
32.7 4.29813
32.8 4.29863
32.9 4.29897
33.0 4.29907
33.1 4.29948
33.2 4.30039
33.3 4.30089
33.4 4.30122
33.5 4.30149
33.6 4.30187
33.7 4.30273
33.8 4.30317
33.9 4.30527
34.0 4.30537
34.1 4.30586
34.2 4.30663
34.3 4.30706
34.4 4.30733
34.5 4.30743
34.6 4.30792
34.7 4.30853
34.8 4.30896
34.9 4.30912
35.0 4.30922
35.1 4.30959
35.2 4.31007
35.3 4.3105
35.4 4.31066
35.5 4.31076
35.6 4.31113
35.7 4.3116
35.8 4.31204
35.9 4.31219
36.0 4.3123
36.1 4.31262
36.2 4.31273
36.3 4.31291
36.4 4.31307
36.5 4.31317
36.6 4.3135
36.7 4.31361
36.8 4.31379
36.9 4.31394
37.0 4.31404
37.1 4.31437
37.2 4.31543
37.3 4.31561
37.4 4.31565
37.5 4.31576
37.6 4.31608
37.7 4.31619
37.8 4.31619
37.9 4.31623
38.0 4.31634
38.1 4.31666
38.2 4.31666
38.3 4.31666
38.4 4.3167
38.5 4.31822
38.6 4.32153
38.7 4.32153
38.8 4.32153
38.9 4.32418
39.0 4.32423
39.1 4.3253
39.2 4.3253
39.3 4.3253
39.4 4.33063
39.5 4.33406
39.6 4.3353
39.7 4.3353
39.8 4.3353
39.9 4.3353
40.0 4.3353
40.1 4.33535
40.2 4.33535
40.3 4.33535
40.4 4.33535
40.5 4.33535
40.6 4.33539
40.7 4.33539
40.8 4.33867
40.9 4.33867
41.0 4.33867
41.1 4.33872
41.2 4.33872
41.3 4.33872
41.4 4.33872
41.5 4.33872
41.6 4.33876
41.7 4.33876
41.8 4.33876
41.9 4.33876
42.0 4.33876
42.1 4.3388
42.2 4.3388
42.3 4.3388
42.4 4.3388
42.5 4.34091
42.6 4.3457
42.7 4.34768
42.8 4.34927
42.9 4.35308
43.0 4.35308
43.1 4.35476
43.2 4.35476
43.3 4.35476
43.4 4.35476
43.5 4.3548
43.6 4.3548
43.7 4.3548
43.8 4.3548
43.9 4.35761
44.0 4.35765
44.1 4.35765
44.2 4.35835
44.3 4.35835
44.4 4.35835
44.5 4.3584
44.6 4.3584
44.7 4.3584
44.8 4.3584
44.9 4.3584
45.0 4.35955
45.1 4.35955
45.2 4.36156
45.3 4.36304
45.4 4.36304
45.5 4.36304
45.6 4.36304
45.7 4.36304
45.8 4.36427
45.9 4.36427
46.0 4.36575
46.1 4.36575
46.2 4.36575
46.3 4.36575
46.4 4.36575
46.5 4.36575
46.6 4.36678
46.7 4.36769
46.8 4.37052
46.9 4.37052
47.0 4.37052
47.1 4.37315
47.2 4.37315
47.3 4.37391
47.4 4.37391
47.5 4.37409
47.6 4.37409
47.7 4.37409
47.8 4.3772
47.9 4.37739
48.0 4.37739
48.1 4.37739
48.2 4.37739
48.3 4.37739
48.4 4.37739
48.5 4.37739
48.6 4.37739
48.7 4.37739
48.8 4.37739
48.9 4.37739
49.0 4.37739
49.1 4.37739
49.2 4.37739
49.3 4.37739
49.4 4.37739
49.5 4.37739
49.6 4.37739
49.7 4.37739
49.8 4.37739
49.9 4.37739
50.0 4.37739
