0.0 3.5398780357142847 2.003410989407245
0.12531328320802004 3.5398780357142847 2.003410989407245
0.2506265664160401 3.5398780357142847 2.003410989407245
0.37593984962406013 3.5398780357142847 2.003410989407245
0.5012531328320802 3.5441865890900743 2.0033554535621683
0.6265664160401002 3.6192081954735484 2.003256892721743
0.7518796992481203 3.700395460223755 2.0032245931737123
0.8771929824561403 3.7815827249739646 2.003193681487049
1.0025062656641603 3.8627699389383943 2.003164049063104
1.1278195488721803 3.943956810632975 2.003135366318115
1.2531328320802004 4.02514365876777 2.003107817171258
1.3784461152882206 4.106330506902566 2.003081358094057
1.5037593984962405 4.187517395075035 2.0030559214276495
1.6290726817042605 4.268704606299359 2.0030315684984767
1.7543859649122806 4.3498919574473796 2.003008214781599
1.8796992481203008 4.431079308595401 2.0029857173650853
2.0050125313283207 4.512266730648997 2.002964093649713
2.1303258145363406 4.593453986746026 2.0029432637908386
2.2556390977443606 4.67464112614811 2.002923053023153
2.380952380952381 4.755828268977785 2.0029035443203416
2.506265664160401 4.837015368777403 2.0028846781191203
2.631578947368421 4.918202565430842 2.0028664440489217
2.756892230576441 4.999389696107479 2.0028488109294385
2.882205513784461 5.081429654321849 2.003453851466308
3.007518796992481 5.163559029048657 2.0046764302191282
3.132832080200501 5.240784698311018 2.004653874024159
3.258145363408521 5.321030198346743 2.0065400616326214
3.3834586466165413 5.393356426501325 2.005973275703966
3.508771929824561 5.460136234034773 2.0041008250554415
3.634085213032581 5.5192131097525845 2.0007045539125814
3.7593984962406015 5.553757456433601 1.9909043396555497
3.8847117794486214 5.564728555057931 1.9763756438115725
4.010025062656641 5.570416518745373 1.9615723686461346
4.135338345864661 5.5560711761112715 1.9429487289721261
4.260651629072681 5.522625443755845 1.9204314989465971
4.385964912280701 5.487781779021418 1.8990644413481605
4.511278195488721 5.448152070044815 1.8770650149003358
4.636591478696742 5.423897434067697 1.8607868328323085
4.761904761904762 5.420186139044886 1.851772474727526
4.887218045112782 5.422342889652069 1.8452798382656754
5.012531328320802 5.430837212066045 1.84114939189848
5.137844611528822 5.441662412487864 1.8378187797989654
5.263157894736842 5.455048873665837 1.835569268234808
5.3884711779448615 5.469117668979748 1.8339132323435527
5.513784461152882 5.479962069135874 1.831503031428602
5.639097744360902 5.48722861008175 1.8286534004483792
5.764411027568922 5.497037328008379 1.8270550636639857
5.889724310776942 5.508779984463329 1.8262230614973276
6.015037593984962 5.524774092911987 1.8271327364892456
6.140350877192982 5.54203247219351 1.82846647735625
6.265664160401002 5.550815259270493 1.8274507843224475
6.390977443609022 5.558442939419821 1.8262532290314542
6.516290726817042 5.553386746030278 1.8214747104095126
6.641604010025063 5.543826492990592 1.8155340244064058
6.7669172932330826 5.53275927069713 1.8093772793015894
6.8922305764411025 5.524142436096354 1.8039928965172876
7.017543859649122 5.520812373675864 1.8003819246633477
7.142857142857142 5.5188970180488335 1.7971631179305227
7.268170426065162 5.5221831392055245 1.795586024872552
7.393483709273182 5.525469198757196 1.7940134463934374
7.518796992481203 5.531333653154595 1.793475240060883
7.644110275689223 5.540355778138241 1.7939647538062116
7.769423558897243 5.549378241157305 1.7944531245508082
7.894736842105263 5.558403638409804 1.7949399183518835
8.020050125313283 5.567363814721063 1.7953440636084124
8.145363408521304 5.575248090686648 1.7953250644207541
8.270676691729323 5.58195516444475 1.794995196995047
8.395989974937343 5.588291284966106 1.7945683686053433
8.521303258145362 5.59462741598144 1.7941426211398788
8.646616541353383 5.600963659940914 1.7937180817276757
8.771929824561402 5.608416448480935 1.7936022341449367
8.897243107769423 5.616215902747244 1.7935820596702232
9.022556390977442 5.6240154019329855 1.7935619927710136
9.147869674185463 5.63373396332311 1.7942120480361894
9.273182957393484 5.644383600340931 1.7951851400378724
9.398496240601503 5.655033226717799 1.7961556574655069
9.523809523809524 5.665682784542177 1.7971235460715371
9.649122807017543 5.67468793857433 1.7975327473478897
9.774436090225564 5.682441687828259 1.797518121028157
9.899749373433583 5.690195409604597 1.7975035008015285
10.025062656641603 5.697949109380624 1.7974889797706104
10.150375939849624 5.705702823483015 1.7974745292053194
10.275689223057643 5.713456489237061 1.797460231497823
10.401002506265664 5.721006075348823 1.7973940667970576
10.526315789473683 5.72805898963656 1.7972017700583
10.651629072681704 5.733405781139394 1.796534406711754
10.776942355889723 5.736508281535296 1.7952436011949604
10.902255639097744 5.73944475131409 1.7939200382926959
11.027568922305765 5.74291656431857 1.7928218100236206
11.152882205513784 5.747726221262979 1.7921754400070524
11.278195488721805 5.7530270616367165 1.7916684800844
11.403508771929824 5.758855654039523 1.7913201601890882
11.528822055137844 5.765584132892182 1.791297675853355
11.654135338345863 5.772678604525092 1.7913459434533565
11.779448621553884 5.782478851520126 1.792245305795569
11.904761904761903 5.7924351264298135 1.793179013679824
12.030075187969924 5.801980304494792 1.7938637040018608
12.155388471177945 5.811109443164418 1.7943770746867642
12.280701754385964 5.818149091246729 1.7942629666191765
12.406015037593985 5.824263613831193 1.793842753588495
12.531328320802004 5.827827555270191 1.7926769383745507
12.656641604010025 5.832013443756787 1.79160699002833
12.781954887218044 5.8379055129548005 1.7908966086328053
12.907268170426065 5.845081980163775 1.7905990848365698
13.032581453634084 5.854688420336223 1.790980522156288
13.157894736842104 5.864410643069052 1.7914011724176415
13.283208020050125 5.873865035621501 1.7917063053758986
13.408521303258144 5.882691917415426 1.7917552864370285
13.533834586466165 5.891519023025869 1.7918041191058
13.659147869674184 5.900353902040342 1.791820271543657
13.784461152882205 5.909196671528532 1.7918028490146363
13.909774436090224 5.918039271168331 1.7917854837615126
14.035087719298245 5.92905057501175 1.7924594399568043
14.160401002506266 5.941418666304429 1.793566247921869
14.285714285714285 5.951209252511271 1.794002045579243
14.411027568922306 5.9608532406695005 1.7944347542590253
14.536340852130325 5.9696027286236175 1.794671912458552
14.661654135338345 5.9784335600496314 1.7949366382859326
14.786967418546364 5.989839788284135 1.7957468024528722
14.912280701754385 6.0018134946107065 1.7966570010781664
15.037593984962406 6.014610359210957 1.7977615454436613
15.162907268170425 6.027130865543574 1.7987613199074775
15.288220551378446 6.040675159879817 1.8001148334994088
15.413533834586465 6.054451789881777 1.8015343116488947
15.538847117794486 6.068479696520389 1.8028344363457993
15.664160401002505 6.084354111843287 1.8045712401180671
15.789473684210526 6.099326520754523 1.805912257869084
15.914786967418545 6.114129942545824 1.8071421310512057
16.040100250626566 6.129074171619509 1.8084015871530557
16.165413533834585 6.143289606183778 1.8093860393587173
16.290726817042607 6.158052741280491 1.810466731074274
16.416040100250626 6.1739946631322145 1.8119527251227736
16.541353383458645 6.184415510898406 1.811802684174466
16.666666666666664 6.192832494611461 1.8109774300088415
16.791979949874687 6.20794716971501 1.811961283401002
16.917293233082706 6.223216196137082 1.8128605641948126
17.042606516290725 6.242445339572497 1.8148381408753347
17.167919799498748 6.257903323951642 1.8156150910943145
17.293233082706767 6.268599888398071 1.8147052407650017
17.418546365914786 6.2774982887171245 1.8131950937092074
17.543859649122805 6.288622706795807 1.8122294207195655
17.669172932330827 6.30155865350749 1.8117731923242895
17.794486215538846 6.321789237223794 1.8134530165341216
17.919799498746865 6.346879148070031 1.8163705093260478
18.045112781954884 6.384317715966264 1.8227961395119567
18.170426065162907 6.430911465353357 1.8316685062162312
18.295739348370926 6.472237535879288 1.8387672970000863
18.421052631578945 6.511591448199844 1.8452378927506077
18.546365914786968 6.540766003501662 1.84854500848413
18.671679197994987 6.571336055573461 1.8521847040809514
18.796992481203006 6.6021380489609545 1.8559795493648323
18.922305764411025 6.635007636995204 1.8604139379362585
19.047619047619047 6.666158450333376 1.8642992876803837
19.172932330827066 6.687335968019018 1.8649760903025425
19.298245614035086 6.71228386425387 1.866592520512117
19.423558897243108 6.737915661050044 1.868277644453876
19.548872180451127 6.763675215167546 1.869936146606726
19.674185463659146 6.789667919305343 1.8715543146659006
19.799498746867165 6.806878702344064 1.8707402591075168
19.924812030075188 6.819568998851695 1.8686483506637082
20.050125313283207 6.832259619973335 1.8665688898562758
20.175438596491226 6.846511899242208 1.8650479825553088
20.30075187969925 6.86638382053524 1.864960878647998
20.426065162907268 6.894338639958128 1.8670914652017179
20.551378446115287 6.924347488853329 1.8697762921939611
20.676691729323306 6.9523348232981546 1.8719012544177838
20.80200501253133 6.981656725084624 1.8742615500622977
20.927318295739347 7.006849582088101 1.875002894268817
21.052631578947366 7.029790437166346 1.8751023065535988
21.17794486215539 7.052731650143832 1.8752011779831261
21.303258145363408 7.076432066215022 1.8752699940829
21.428571428571427 7.10217394447253 1.8753267574455421
21.553884711779446 7.128657023738471 1.8756370466898635
21.67919799498747 7.158108148248644 1.8768220243260068
21.804511278195488 7.18672492711179 1.8779287603863153
21.929824561403507 7.216515507994358 1.879399636029631
22.05513784461153 7.246155673348457 1.8808598376786678
22.18045112781955 7.2758553874060405 1.882342670788694
22.305764411027567 7.308106251940144 1.8844898066676161
22.431077694235587 7.336999589588195 1.885759762300046
22.55639097744361 7.365424844466456 1.8869052512647868
22.681704260651628 7.392492321431317 1.8878289522338303
22.807017543859647 7.410532216326186 1.887017892468014
22.932330827067666 7.4216024003844305 1.8850498889678482
23.05764411027569 7.43151163946439 1.8829030107162084
23.182957393483708 7.434337660844337 1.8790301644797582
23.308270676691727 7.441299148269565 1.876116431144582
23.43358395989975 7.443322704714098 1.8722420948684138
23.55889724310777 7.438445045285685 1.8668841345162674
23.684210526315788 7.439083717153506 1.8629501514206899
23.809523809523807 7.4349946931538025 1.8580622405695724
23.93483709273183 7.435908697905907 1.8545129438599655
24.06015037593985 7.440168142970539 1.8518822894001827
24.185463659147867 7.445920043041761 1.8492831198888051
24.31077694235589 7.447418803808023 1.8454863342770145
24.43609022556391 7.452931316587386 1.8427078994936237
24.561403508771928 7.454821362347144 1.8393670113546474
24.686716791979947 7.4481335226117125 1.8341104724447275
24.81203007518797 7.440452108431883 1.8285794476806
24.93734335839599 7.431890392761502 1.822724994242892
25.062656641604008 7.4252201189564255 1.8174436984743425
25.18796992481203 7.426229940484703 1.81402774596058
25.31328320802005 7.436627824587931 1.812730026231933
25.43859649122807 7.436471473410424 1.8090090025206649
25.563909774436087 7.4263622034352155 1.803101410524053
25.68922305764411 7.391349946890261 1.791530906509218
25.81453634085213 7.349777379747178 1.7784293433970046
25.939849624060148 7.3147457652941785 1.7669383407123285
26.065162907268167 7.283203301748897 1.756373025400416
26.19047619047619 7.2630527122981805 1.7486748133615178
26.31578947368421 7.246265464903898 1.7417425734924328
26.441102756892228 7.231089006943447 1.7352010253425612
26.56641604010025 7.2186057811424655 1.729392280785228
26.69172932330827 7.213428014267038 1.7253836001530705
26.81704260651629 7.205625551752513 1.7211261244085032
26.942355889724308 7.201438338336497 1.717863636313188
27.06766917293233 7.199162143608433 1.7151128468138306
27.19298245614035 7.182005352473174 1.70904062373389
27.31829573934837 7.153965464511324 1.7007278749918417
27.44360902255639 7.113548873671684 1.6898127100109606
27.56892230576441 7.0747915679890765 1.6793231183172679
27.69423558897243 7.052572058061808 1.6727559349073464
27.819548872180448 7.045737478929388 1.669895250868755
27.94486215538847 7.049093750744348 1.6694447985788643
28.07017543859649 7.056298008039803 1.66992530064158
28.19548872180451 7.0564874255095535 1.6689068426540636
28.32080200501253 7.053643260544818 1.6673113491694593
28.44611528822055 7.050285980951593 1.6656627652687432
28.57142857142857 7.047295131395084 1.6641166285946893
28.69674185463659 7.053063840842151 1.664575178113835
28.82205513784461 7.060125422349491 1.6653853081480479
28.94736842105263 7.067320859619753 1.6661587697738756
29.07268170426065 7.073930043799904 1.6668027038730306
29.19799498746867 7.080539327363846 1.6674459807669104
29.32330827067669 7.087374692538923 1.668131875686692
29.44862155388471 7.094327198317577 1.6688356580176449
29.57393483709273 7.101279703169345 1.669538686839233
29.69924812030075 7.108843937710737 1.6703301612570394
29.82456140350877 7.11644409627502 1.671125941511214
29.94987468671679 7.124044311585806 1.6719207738350002
30.075187969924812 7.131644460480658 1.6727146276636993
30.20050125313283 7.137826143500483 1.6731835925620935
30.32581453634085 7.135552889081367 1.671721924309717
30.45112781954887 7.135935753556066 1.6709031507180983
30.576441102756892 7.138179713459955 1.670536453629029
30.70175438596491 7.141477514246558 1.6704172777939237
30.82706766917293 7.1533986097591855 1.6723141877893235
30.95238095238095 7.16190960342699 1.6734410780542552
31.07769423558897 7.165984392084127 1.6737220191417763
31.20300751879699 7.170206700810852 1.6740391212157844
31.32832080200501 7.175425873922827 1.6745903407507157
31.453634085213032 7.180645089791658 1.6751411795458588
31.57894736842105 7.181813857595145 1.6748420415452017
31.70426065162907 7.181368297045241 1.6742096210724713
31.82957393483709 7.179694137494882 1.6733300808154452
31.954887218045112 7.176845612529092 1.6722825037023301
32.08020050125313 7.17711133273674 1.6719608771853518
32.205513784461154 7.178224854823014 1.6718716761295795
32.33082706766917 7.171710400865413 1.6700669827029777
32.45614035087719 7.1645059082532105 1.6681033894674553
32.581453634085214 7.15730142938399 1.6661404925193959
32.70676691729323 7.150803170011424 1.6643425684636912
32.83208020050125 7.151954802843016 1.6643254865895423
32.95739348370927 7.1531063997496895 1.66430839113061
33.08270676691729 7.149198322886909 1.663159742583116
33.20802005012531 7.144886794635489 1.6619315948456725
33.33333333333333 7.139410968712183 1.6604401225493546
33.45864661654135 7.131055069340256 1.6582797257687616
33.583959899749374 7.125119695031947 1.6566770435817826
33.70927318295739 7.117555431024306 1.6546938100705897
33.83458646616541 7.1165771888193685 1.6542457409686033
33.959899749373434 7.121723378491948 1.6551966122703428
34.08521303258145 7.130611815462003 1.6570118073139102
34.21052631578947 7.14496000687278 1.6601018691389091
34.335839598997495 7.154243305478851 1.662022058211679
34.46115288220551 7.160332796324711 1.6632031268806804
34.58646616541353 7.166433595134556 1.6643894533443997
34.71177944862155 7.162859592214375 1.6633422719584674
34.83709273182957 7.158721839981486 1.6621665356781494
34.962406015037594 7.152597005832335 1.6605371998190523
35.08771929824561 7.145476887544018 1.6586809076300768
35.21303258145363 7.139659550232613 1.6571394200018603
35.338345864661655 7.130942185441468 1.6549366639132148
35.46365914786967 7.124058697663083 1.653159955514294
35.58897243107769 7.118233417311197 1.6516291871864803
35.714285714285715 7.1160259736447955 1.6509380786632344
35.83959899749373 7.117319350495628 1.6510592549653098
35.96491228070175 7.118612699828779 1.6511803988546796
36.09022556390977 7.119908077844565 1.651302305355946
36.21553884711779 7.1189981931224935 1.650925573718102
36.340852130325814 7.112510883157178 1.649306213487234
36.46616541353383 7.1060236079263985 1.647687075624965
36.59147869674185 7.099278870280801 1.6460200511481287
36.716791979949875 7.0948035450509925 1.644899267410362
36.84210526315789 7.095138335411169 1.6448937520082993
36.96741854636591 7.095473080951523 1.6448882472101376
37.092731829573935 7.09580787623334 1.6448827467445784
37.21804511278195 7.096387430039947 1.6449289102938587
37.34335839598997 7.097577878355669 1.645104007142983
37.468671679197996 7.098555675214182 1.6452357161696318
37.59398496240601 7.099358602697039 1.645331752161986
37.719298245614034 7.099786051612762 1.6453424141081363
37.84461152882205 7.096667168033276 1.6445469447881376
37.96992481203007 7.093715118430349 1.6437902053565299
38.095238095238095 7.090943390345252 1.6430753380557266
38.22055137844611 7.087129282389248 1.642123962872978
38.34586466165413 7.08552629747103 1.641690396882273
38.471177944862156 7.084056396406724 1.641274956938792
38.59649122807017 7.082221555544279 1.640716254321986
38.721804511278194 7.080855607867522 1.6402586998217263
38.847117794486216 7.080750387384559 1.6400932425399894
38.97243107769423 7.080425911508485 1.639852104652358
39.097744360902254 7.08021479484907 1.639623480255026
39.22305764411028 7.081543632132996 1.6397376887690125
39.34837092731829 7.0828724694169205 1.6398518703316658
39.473684210526315 7.0845415575198585 1.6399441199048266
39.59899749373433 7.086652627403403 1.6400722492591018
39.72431077694235 7.089421026612925 1.6403475991692815
39.849624060150376 7.091480535826796 1.6404734490677602
39.97493734335839 7.094444045775225 1.6408113468383032
40.100250626566414 7.09861961823802 1.6414361909616686
40.225563909774436 7.102717176719223 1.6420474787586512
40.35087719298245 7.106814735200428 1.6426585163399525
40.476190476190474 7.110912293681631 1.6432693038591701
40.6015037593985 7.115116584929075 1.6439045014275973
40.72681704260651 7.119574913556262 1.6445865082730995
40.852130325814535 7.124544773158019 1.6453849806816985
40.97744360902255 7.129179502242919 1.6461456599726358
41.10275689223057 7.133814200843239 1.6469060577076047
41.228070175438596 7.138448884803372 1.6476661716928687
41.35338345864661 7.143083568763503 1.6484259999054092
41.478696741854634 7.147718252723635 1.6491855425063549
41.60401002506266 7.152352939187575 1.649944787307904
41.72932330827067 7.156607485733823 1.6506370135660962
41.854636591478695 7.16015121898279 1.6511942961487143
41.97994987468672 7.163052846353325 1.6516145386640875
42.10526315789473 7.165611836401214 1.6520330171631021
42.230576441102755 7.167061405099064 1.6522920102689815
42.35588972431078 7.168314317945137 1.652509273346266
42.48120300751879 7.170819741284815 1.6529921296615186
42.606516290726816 7.174388304469098 1.6536454860647551
42.73182957393483 7.178303073101342 1.6543270320170664
42.857142857142854 7.182779482060508 1.655084035562054
42.98245614035088 7.187859750721678 1.6559118863428917
43.10776942355889 7.192372269555922 1.6566322733152585
43.233082706766915 7.196602960539029 1.6572909825897548
43.35839598997494 7.2008336515221325 1.6579494409601496
43.48370927318295 7.205064342505239 1.6586076485697727
43.609022556390975 7.209295070578137 1.6592656148320486
43.734335839599 7.21352580320017 1.6599233317537616
43.859649122807014 7.2177939773009525 1.660589260370819
43.984962406015036 7.224555847936523 1.6617865977647317
44.11027568922306 7.231365972985932 1.6629926423827786
44.235588972431074 7.239809740765958 1.6645662630352054
44.3609022556391 7.249098225806208 1.6663294591975066
44.48621553884711 7.25838671084646 1.6680918676185863
44.611528822055135 7.267675199289529 1.669853488800195
44.73684210526316 7.276963687815621 1.671614323293342
44.86215538847117 7.286252176341708 1.67337437162549
44.987468671679196 7.295351556971549 1.6750983334431904
45.11278195488722 7.303902700859091 1.6767794917116738
45.238095238095234 7.312907074301947 1.6786205310909874
45.363408521303256 7.323139648706174 1.6807825028463481
45.48872180451128 7.333047788493512 1.6829051532624264
45.614035087719294 7.34332239987856 1.685114635116031
45.73934837092732 7.354075116907078 1.6874284064484268
45.86466165413533 7.366766372411499 1.6901635855788029
45.989974937343355 7.379457627915925 1.6928981923050925
46.11528822055138 7.392953528896665 1.695783182061512
46.24060150375939 7.406503021643786 1.698677502641738
46.365914786967416 7.420052514390909 1.7015710953796044
46.49122807017544 7.433602007138032 1.704463960549626
46.616541353383454 7.447233336312772 1.7073570507968452
46.741854636591476 7.462109442401067 1.710498861384891
46.8671679197995 7.480023802370461 1.714264634111327
46.992481203007515 7.4969593181764775 1.717809190338574
47.11779448621554 7.511897377391016 1.7208727234270607
47.24310776942356 7.5252632012109615 1.7235442365271991
47.368421052631575 7.540556476602234 1.726639918800486
47.4937343358396 7.557411835778807 1.7300820256219205
47.61904761904761 7.573200811180686 1.7333057717453602
47.744360902255636 7.586747230457946 1.7360611340417493
47.86967418546366 7.601811016113236 1.739107599777743
47.994987468671674 7.614984374173261 1.7417437969410663
48.1203007518797 7.627326290873777 1.7442243391290828
48.24561403508772 7.639641411691103 1.7466989307251641
48.370927318295735 7.6512535053791675 1.7490482850258544
48.49624060150376 7.659050813978242 1.7506246586628458
48.62155388471178 7.666536207851124 1.7522079561110444
48.746867167919795 7.671103531990903 1.7531667295362934
48.87218045112782 7.6734377145060995 1.7536271409896333
48.99749373433583 7.675771897021295 1.7540875140897347
49.122807017543856 7.67810607953649 1.7545478488413897
49.24812030075188 7.680440262051684 1.7550081452493904
49.373433583959894 7.6827744445668795 1.7554684033185266
49.49874686716792 7.685108627082074 1.7559286230535882
49.62406015037594 7.687442809597271 1.7563888044593645
49.749373433583955 7.689776992112465 1.7568489475406432
49.87468671679198 7.6921111746276605 1.7573090523022117
50.0 7.694445357142855 1.757769118748857
